6.742601981386542320e-04
-7.096899207681417465e-03
-2.068607881665229797e-02
1.041387766599655151e-02
-1.005187630653381348e-02
1.904770545661449432e-02
1.418137550354003906e-02
-2.064750716090202332e-02
-1.085882447659969330e-02
6.109155714511871338e-03
-1.053712517023086548e-02
1.484271418303251266e-02
1.144995330832898617e-03
1.154270581901073456e-02
7.819476537406444550e-03
2.031948976218700409e-02
7.372280117124319077e-03
-1.714440807700157166e-02
1.657276228070259094e-02
-2.040594443678855896e-02
-9.811347117647528648e-04
1.579013466835021973e-02
1.337858103215694427e-02
-1.217799447476863861e-02
-1.242484711110591888e-02
-1.904451660811901093e-02
2.029623463749885559e-02
-1.483906805515289307e-02
2.037242054939270020e-03
1.417766325175762177e-02
1.575554488226771355e-03
1.561078708618879318e-02
-1.210423093289136887e-02
7.351438398472964764e-04
1.425643544644117355e-02
-8.687345311045646667e-03
-2.318081911653280258e-03
-1.858450844883918762e-02
-5.634715314954519272e-03
5.160716827958822250e-03
-1.179928658530116081e-03
1.281461864709854126e-02
-1.100837998092174530e-02
-3.813266754150390625e-03
-5.852972622960805893e-03
-1.055835466831922531e-02
3.396409330889582634e-03
-3.725290298461914062e-06
-1.275887130759656429e-03
5.278972443193197250e-03
2.081969194114208221e-02
-1.950127445161342621e-02
-1.589091494679450989e-02
-5.315867718309164047e-03
2.082449849694967270e-03
1.888116821646690369e-02
5.013100802898406982e-03
8.175763301551342010e-03
1.391933858394622803e-02
-1.927296631038188934e-02
1.987240277230739594e-02
-8.695053867995738983e-03
-1.255840621888637543e-02
-3.765347180888056755e-03
1.204784493893384933e-02
-1.546304952353239059e-02
-6.687191780656576157e-03
1.317663770169019699e-02
-2.015925757586956024e-02
-1.807079464197158813e-02
-4.429566673934459686e-03
-1.000298839062452316e-02
7.423731498420238495e-03
-2.058920636773109436e-02
7.782578468322753906e-04
-1.447221916168928146e-02
-8.037160150706768036e-03
1.157572679221630096e-02
-5.716736428439617157e-03
2.638623118400573730e-04
-1.783109270036220551e-02
-1.588427275419235229e-02
-1.885978877544403076e-02
1.596889644861221313e-02
5.691371858119964600e-03
-9.340058080852031708e-03
2.016662620007991791e-02
-1.063425838947296143e-02
2.973298309370875359e-03
-9.573429822921752930e-03
7.282247301191091537e-03
-6.967008113861083984e-03
1.782002858817577362e-02
1.384362112730741501e-02
7.515276665799319744e-04
-1.544272899627685547e-02
1.887770742177963257e-02
-5.282531492412090302e-03
-1.933366619050502777e-02
-3.660693764686584473e-03
-1.677617430686950684e-02
3.020962234586477280e-03
-1.218715123832225800e-02
8.412972092628479004e-03
-1.490523479878902435e-02
8.374316617846488953e-03
-8.165369741618633270e-03
-1.999164372682571411e-02
2.402258571237325668e-03
-1.268848590552806854e-02
1.852934435009956360e-02
-1.002299319952726364e-02
7.755356840789318085e-03
1.758819818496704102e-02
1.885036192834377289e-02
-1.296118460595607758e-02
-4.817306995391845703e-03
-1.990506611764431000e-02
4.617574624717235565e-03
5.187146365642547607e-03
7.524944841861724854e-03
-4.276802297681570053e-03
1.556953787803649902e-02
-1.324692647904157639e-02
4.677142016589641571e-03
-1.198309939354658127e-02
-8.726589381694793701e-03
-1.882572099566459656e-02
-1.097278110682964325e-02
1.462081633508205414e-02
-1.542939525097608566e-02
-9.194342419505119324e-03
-4.717166535556316376e-03
1.584451645612716675e-02
-1.314542721956968307e-02
-9.622074663639068604e-03
1.042949967086315155e-02
6.713534705340862274e-03
1.465113461017608643e-02
1.529793255031108856e-02
-1.376599073410034180e-03
-3.420479595661163330e-03
1.757710799574851990e-02
2.729989588260650635e-03
-1.293659489601850510e-02
9.919176809489727020e-03
1.852778135798871517e-03
2.021748572587966919e-02
2.844236791133880615e-03
-1.262988708913326263e-02
5.261910613626241684e-03
-1.101247221231460571e-02
4.650478716939687729e-03
-2.764411270618438721e-03
-1.012538932263851166e-02
-6.791544612497091293e-03
1.267786882817745209e-02
-8.168935775756835938e-03
3.926041536033153534e-03
-1.247252523899078369e-02
-1.400780677795410156e-02
-9.859919548034667969e-03
-5.205720663070678711e-04
-8.311818353831768036e-03
1.890564337372779846e-02
7.512087933719158173e-03
-5.797870457172393799e-03
1.016123592853546143e-02
9.801028296351432800e-03
1.921033672988414764e-02
2.030605822801589966e-02
6.346082082018256187e-04
7.261062972247600555e-03
7.368087768554687500e-03
2.059005014598369598e-02
-1.317759603261947632e-02
3.822160419076681137e-03
9.523573331534862518e-03
7.075267843902111053e-03
8.679507300257682800e-03
-1.778574101626873016e-02
-1.662306115031242371e-02
8.181060664355754852e-03
1.845354400575160980e-02
6.458237767219543457e-04
-1.019902061671018600e-02
-9.825093671679496765e-03
-5.562119185924530029e-03
5.567538551986217499e-03
1.342095993459224701e-02
6.277767475694417953e-03
-6.238929927349090576e-03
-1.488206349313259125e-02
5.727562122046947479e-03
2.587308641523122787e-03
-1.630035578273236752e-03
-1.514795981347560883e-02
9.216070175170898438e-03
-5.565638653934001923e-03
-1.241364888846874237e-02
1.734109781682491302e-02
-1.342288963496685028e-02
-1.826082728803157806e-02
1.972097158432006836e-02
-1.528972387313842773e-02
-3.501519560813903809e-03
8.300436660647392273e-03
3.138890024274587631e-03
-1.582276821136474609e-02
-8.454538881778717041e-03
1.011237315833568573e-02
-1.625530235469341278e-02
4.170338506810367107e-04
1.247209589928388596e-02
-1.372805982828140259e-02
6.011267658323049545e-03
1.391726732254028320e-02
-4.180138465017080307e-03
1.669775694608688354e-02
8.649585768580436707e-03
1.701262593269348145e-02
1.554039865732192993e-02
1.332761626690626144e-02
5.280966870486736298e-03
1.719543337821960449e-02
7.396375294774770737e-03
6.895733531564474106e-03
2.002416364848613739e-02
5.255108233541250229e-03
1.427325885742902756e-02
-1.804275065660476685e-02
-6.413397844880819321e-03
8.836667053401470184e-03
9.475259110331535339e-03
-6.619319319725036621e-04
1.644836924970149994e-02
-1.242771558463573456e-02
7.536913268268108368e-03
1.270063221454620361e-03
5.149456672370433807e-03
1.540071517229080200e-02
-1.528776716440916061e-02
-9.136075968854129314e-04
1.567206345498561859e-02
1.593551412224769592e-02
-1.828376017510890961e-02
2.584077417850494385e-03
-8.778123185038566589e-03
-2.082210592925548553e-02
-1.466927491128444672e-02
-9.011864662170410156e-03
-1.765287294983863831e-02
-2.040156722068786621e-02
-1.720978878438472748e-02
-6.909864954650402069e-03
-5.812346935272216797e-03
