-5.389054119586944580e-02
1.051260903477668762e-01
7.046110928058624268e-02
8.991315215826034546e-02
1.497527211904525757e-01
9.200216084718704224e-02
-1.793186925351619720e-02
-6.627479940652847290e-02
-9.502915292978286743e-02
-9.771672636270523071e-02
7.598245143890380859e-02
1.234683906659483910e-03
1.729138344526290894e-01
4.419079981744289398e-03
-1.204276084899902344e-01
8.180063962936401367e-02
8.400319516658782959e-02
-9.139971435070037842e-02
1.404900550842285156e-01
-9.419705718755722046e-02
1.615443080663681030e-01
7.255989313125610352e-02
-1.507917493581771851e-01
5.956891924142837524e-02
1.780132353305816650e-01
9.999218583106994629e-02
1.408975720405578613e-01
-6.075595319271087646e-02
-7.334024179726839066e-03
6.184006854891777039e-02
-1.459304243326187134e-01
-9.325731545686721802e-02
-5.842909961938858032e-02
4.026017338037490845e-02
1.681819558143615723e-01
-2.958822622895240784e-02
1.844967007637023926e-01
-1.654569953680038452e-01
9.813795983791351318e-02
-1.311072558164596558e-01
-4.602210968732833862e-02
-1.770965382456779480e-02
-1.319582164287567139e-01
1.526929885149002075e-01
9.821438044309616089e-02
-4.835366457700729370e-02
-1.690078973770141602e-01
1.699187755584716797e-01
9.634952992200851440e-02
9.843654930591583252e-02
6.346726417541503906e-02
8.249316364526748657e-02
1.366936862468719482e-01
-7.257345318794250488e-02
-1.732869297266006470e-01
1.170071363449096680e-01
-1.526034921407699585e-01
9.171508997678756714e-02
-1.605620384216308594e-01
8.468075841665267944e-02
4.174811393022537231e-02
1.782049089670181274e-01
4.285069555044174194e-02
1.034295856952667236e-01
