3.336327522993087769e-02
-1.898735389113426208e-02
-3.935740515589714050e-02
2.265889570116996765e-02
-1.290043722838163376e-02
-3.964831586927175522e-03
-1.516594551503658295e-02
-1.728233695030212402e-02
-2.278183959424495697e-02
-7.709329482167959213e-03
-3.892106562852859497e-02
8.396844379603862762e-03
6.231208797544240952e-03
-3.254863619804382324e-02
3.814774379134178162e-02
-2.071073278784751892e-02
-3.090693615376949310e-02
-3.906062245368957520e-02
-6.945903412997722626e-03
-2.305909059941768646e-02
1.080503105185925961e-03
-1.578536629676818848e-02
-3.317180275917053223e-02
2.434142492711544037e-02
1.539430581033229828e-02
-3.060313686728477478e-02
3.482525702565908432e-03
3.962887451052665710e-02
-3.174538165330886841e-02
2.215826511383056641e-02
-7.217675447463989258e-03
-2.292932197451591492e-02
2.903431281447410583e-02
1.766045950353145599e-02
1.551949977874755859e-02
-3.086280822753906250e-02
-4.008428007364273071e-02
-3.597988933324813843e-02
1.540172658860683441e-02
-2.491059526801109314e-02
3.282650560140609741e-02
-2.149344980716705322e-02
-3.982993215322494507e-02
-2.585996687412261963e-02
-3.596999868750572205e-02
2.290522214025259018e-03
2.858523093163967133e-02
2.676030062139034271e-02
2.165537141263484955e-02
1.774021610617637634e-02
-3.917817026376724243e-02
-1.620726287364959717e-02
-1.882233284413814545e-02
-2.435928210616111755e-02
-2.304306253790855408e-02
-2.380841597914695740e-02
-3.906656801700592041e-02
8.049448952078819275e-03
3.077126108109951019e-02
1.826515793800354004e-02
1.227664947509765625e-02
2.897683344781398773e-02
-3.167969733476638794e-02
1.136982440948486328e-02
