2.752099558711051941e-02
-1.467696856707334518e-02
-2.661648392677307129e-02
-2.297835610806941986e-02
3.807064145803451538e-02
-8.775418624281883240e-03
-2.170726656913757324e-03
-4.716461058706045151e-03
-1.326963305473327637e-03
1.565246842801570892e-02
9.145776741206645966e-03
-3.667571395635604858e-02
-1.838392019271850586e-02
-1.626650989055633545e-02
-2.309928415343165398e-03
-1.010691188275814056e-02
-8.677428588271141052e-03
2.524691447615623474e-02
2.494833990931510925e-02
2.081913873553276062e-02
6.184349767863750458e-03
-8.101776242256164551e-03
3.501215577125549316e-02
1.887295208871364594e-02
1.542715728282928467e-02
-1.210875809192657471e-02
-7.479116320610046387e-03
3.870214149355888367e-02
1.807895861566066742e-02
3.943904489278793335e-02
-1.518398523330688477e-03
1.065696775913238525e-02
-9.576181764714419842e-04
1.285509299486875534e-02
1.025516819208860397e-02
1.268228422850370407e-02
-2.056925557553768158e-02
-6.343235727399587631e-03
1.317699812352657318e-02
1.079162023961544037e-02
2.260465547442436218e-02
2.149569056928157806e-02
3.720936924219131470e-02
3.551145642995834351e-02
-2.730550430715084076e-02
-4.160783812403678894e-02
-2.146830782294273376e-02
-6.760413758456707001e-03
3.774183616042137146e-02
-3.061494790017604828e-02
-1.961529254913330078e-03
3.497837483882904053e-02
-8.231764659285545349e-03
2.873547002673149109e-02
3.980702161788940430e-02
2.603042684495449066e-02
1.343443989753723145e-02
4.118006676435470581e-02
-3.561152517795562744e-02
-1.173841953277587891e-02
-1.317776273936033249e-02
-2.102888189256191254e-02
9.275918826460838318e-03
9.224256500601768494e-03
-4.037732630968093872e-02
-3.799332305788993835e-02
2.663652598857879639e-02
1.113232504576444626e-02
1.328314840793609619e-02
-5.758389830589294434e-03
1.683503389358520508e-03
-2.601593360304832458e-02
-2.613345906138420105e-02
-3.171401843428611755e-02
3.110850416123867035e-02
-3.466502949595451355e-02
-9.612649679183959961e-03
-3.670842573046684265e-02
2.330620586872100830e-02
1.470391987822949886e-03
-2.025765739381313324e-02
-2.905648015439510345e-02
-2.428083680570125580e-02
1.401772163808345795e-02
-1.619496941566467285e-02
4.924287553876638412e-03
2.950282394886016846e-02
-1.855879649519920349e-02
3.890421986579895020e-02
-3.491624444723129272e-02
2.785351872444152832e-02
3.000343404710292816e-02
4.094109684228897095e-02
1.295408606529235840e-02
-2.007757127285003662e-02
1.701081916689872742e-02
1.544993184506893158e-02
-1.176281832158565521e-02
-2.122762426733970642e-02
-1.711800694465637207e-03
1.754119619727134705e-02
-2.590348478406667709e-03
-4.021929949522018433e-02
7.030531764030456543e-03
3.373454092070460320e-03
1.349205803126096725e-02
3.885285183787345886e-02
1.776925846934318542e-02
3.759072348475456238e-02
3.880208358168601990e-02
-3.750018030405044556e-02
-1.789012551307678223e-02
3.037676215171813965e-02
-7.044111844152212143e-03
4.070658609271049500e-02
1.945975981652736664e-02
-3.149119019508361816e-02
-3.945131227374076843e-02
3.742609545588493347e-02
-1.979877613484859467e-02
2.535807713866233826e-02
-2.381707727909088135e-02
-1.674691960215568542e-02
1.456024311482906342e-02
5.481879226863384247e-03
2.529652975499629974e-02
-2.247156202793121338e-02
3.723607957363128662e-02
