-1.192587800323963165e-02
1.067211572080850601e-02
-8.091022260487079620e-03
1.389369135722517967e-03
-4.714300666819326580e-05
7.435670122504234314e-04
-2.416979521512985229e-03
-7.996692322194576263e-03
-7.340767420828342438e-03
7.712544873356819153e-03
1.037485245615243912e-02
-1.374826021492481232e-02
7.547763176262378693e-03
1.412347424775362015e-02
-8.521831594407558441e-03
-1.302609778940677643e-02
7.007440581219270825e-05
4.616388119757175446e-03
3.508788300678133965e-03
-9.332668036222457886e-03
8.537570945918560028e-03
9.905206970870494843e-03
-1.208712253719568253e-02
-2.404258120805025101e-03
1.681894529610872269e-03
1.399220619350671768e-02
-7.813517935574054718e-03
-9.285649284720420837e-03
-5.620113573968410492e-03
-6.691023008897900581e-04
9.613635018467903137e-03
-2.993924310430884361e-03
-1.049950905144214630e-02
-1.147784385830163956e-02
6.882564630359411240e-03
1.005374267697334290e-02
-1.444699149578809738e-02
6.964710541069507599e-03
4.507956691668368876e-05
-4.255282692611217499e-03
1.296754367649555206e-02
-6.148636806756258011e-03
7.196815218776464462e-03
-1.270830910652875900e-02
-5.872179754078388214e-04
1.396623626351356506e-02
-1.246550492942333221e-02
-1.282348949462175369e-02
1.401573978364467621e-02
-1.255795080214738846e-02
-1.102960947901010513e-02
6.753467023372650146e-03
-1.321977842599153519e-02
-1.080205105245113373e-02
-9.769093245267868042e-03
1.443006936460733414e-02
-6.527758203446865082e-03
9.015585295855998993e-03
-1.762031577527523041e-03
-8.460463955998420715e-03
5.483837332576513290e-03
6.255423184484243393e-03
9.125305339694023132e-03
8.137280121445655823e-03
1.279106456786394119e-02
-8.594492450356483459e-03
-2.343225991353392601e-03
4.628498572856187820e-03
-6.580786313861608505e-03
-4.910957999527454376e-03
7.199768908321857452e-03
-3.510372480377554893e-03
1.450708601623773575e-02
-1.397818140685558319e-02
1.114604528993368149e-02
-1.333772204816341400e-03
-1.667940407060086727e-03
-1.031317189335823059e-02
-3.766349516808986664e-03
-5.930068437010049820e-03
7.998058572411537170e-03
1.372254826128482819e-02
-9.759029373526573181e-03
-1.250106748193502426e-02
-5.400086287409067154e-03
-7.623785175383090973e-03
8.086422458291053772e-03
1.275393832474946976e-02
-3.272790694609284401e-03
8.288711309432983398e-03
-3.153539495542645454e-03
-5.602212040685117245e-04
-1.682080765021964908e-04
3.909822553396224976e-03
-8.098562248051166534e-03
7.447513286024332047e-03
-8.044656715355813503e-04
-1.383582036942243576e-02
-1.074361149221658707e-02
-9.567538276314735413e-03
8.344503119587898254e-03
8.566594682633876801e-03
6.306838709861040115e-03
1.373969204723834991e-02
8.193399757146835327e-03
-1.237508933991193771e-02
-9.267479181289672852e-03
1.059986185282468796e-03
1.182480901479721069e-02
-4.665685817599296570e-03
2.435220405459403992e-03
-1.222118455916643143e-02
2.540647052228450775e-03
1.196541450917720795e-02
7.404635660350322723e-03
1.038900110870599747e-02
-8.390905335545539856e-03
-3.853693604469299316e-03
5.456225480884313583e-04
1.419188734143972397e-02
5.064317956566810608e-03
1.968872529687359929e-04
-8.347659371793270111e-03
-1.095901336520910263e-02
-7.384814321994781494e-03
-1.441265922039747238e-03
-5.127480253577232361e-03
4.998802207410335541e-03
-6.065196823328733444e-03
-5.839551449753344059e-04
-1.147110108286142349e-02
-8.661915198899805546e-04
-8.582575246691703796e-03
-1.393835805356502533e-02
1.287072058767080307e-02
-1.459912396967411041e-02
4.444288555532693863e-03
-2.800807356834411621e-03
2.803070936352014542e-03
4.356707446277141571e-03
1.336064562201499939e-02
3.670865902677178383e-03
3.396744374185800552e-03
-4.968978464603424072e-03
3.841660683974623680e-03
7.995190098881721497e-03
6.094664335250854492e-03
1.113846246153116226e-02
-1.200297102332115173e-02
6.455373018980026245e-03
-1.194034237414598465e-02
1.258217263966798782e-02
1.225038524717092514e-02
2.999185584485530853e-03
8.191172964870929718e-03
1.471423264592885971e-02
-3.698155982419848442e-03
7.645550649613142014e-03
-1.090741436928510666e-02
5.059058312326669693e-03
8.897022344172000885e-03
1.196681056171655655e-02
-1.167729869484901428e-02
1.270203851163387299e-02
2.699040342122316360e-03
1.255540177226066589e-02
9.118576534092426300e-03
-1.082318928092718124e-02
-4.654367920011281967e-03
3.345602890476584435e-03
4.885199014097452164e-03
1.250846777111291885e-02
-1.837704447098076344e-03
1.743834698572754860e-03
1.235026959329843521e-02
1.069065369665622711e-02
-4.055290948599576950e-03
-2.284368034452199936e-03
1.084147952497005463e-02
4.997243173420429230e-03
-4.325007554143667221e-03
-4.988509695976972580e-03
-1.232200022786855698e-02
2.884934190660715103e-03
-1.365941110998392105e-02
7.033852743916213512e-04
-4.463110584765672684e-03
1.648984965868294239e-03
1.373227592557668686e-02
-1.209414564073085785e-02
-4.545695614069700241e-03
1.143786404281854630e-02
-1.002667564898729324e-02
1.278997212648391724e-02
-8.508068509399890900e-03
7.175915408879518509e-03
8.072127588093280792e-03
-4.177532624453306198e-03
-5.234287236817181110e-04
-4.049853887408971786e-03
-9.353492059744894505e-04
8.429034613072872162e-03
-7.638938724994659424e-03
7.643524091690778732e-03
-5.137656815350055695e-03
8.596025407314300537e-03
1.344207208603620529e-02
1.114515471272170544e-03
1.798715093173086643e-03
-2.249140292406082153e-03
-2.889154246076941490e-03
-6.522549781948328018e-03
6.300453562289476395e-03
8.025713264942169189e-03
-5.466976668685674667e-03
-9.851176291704177856e-04
6.278921384364366531e-03
5.536824464797973633e-03
-1.655661733821034431e-03
-7.954608649015426636e-03
6.067897658795118332e-03
2.115473325829952955e-04
-6.882105953991413116e-04
5.859230179339647293e-03
-1.346704200841486454e-03
8.241838775575160980e-03
4.915527068078517914e-03
5.858216900378465652e-03
9.984739124774932861e-03
1.462671998888254166e-02
-1.230403501540422440e-02
8.625261485576629639e-03
1.061203517019748688e-02
-1.376684848219156265e-02
-2.499641850590705872e-03
-6.372410338371992111e-03
2.148967701941728592e-03
3.016881877556443214e-03
6.456416100263595581e-03
-7.033351808786392212e-03
3.187852445989847183e-03
6.692979484796524048e-03
-3.827232285402715206e-04
1.390430890023708344e-02
-4.407202824950218201e-03
1.308550778776407242e-02
-1.305986894294619560e-03
4.100422840565443039e-03
-1.232548058032989502e-02
-6.868645548820495605e-03
-1.226845546625554562e-03
5.606347694993019104e-03
1.459517050534486771e-02
4.403362399898469448e-04
6.412744987756013870e-03
1.380407996475696564e-02
-7.752403616905212402e-03
-9.875006799120455980e-05
-1.035414263606071472e-02
-6.403453182429075241e-03
7.339831441640853882e-03
-4.282047972083091736e-03
1.440756488591432571e-02
1.295666093938052654e-03
1.010137051343917847e-02
-8.105374872684478760e-03
-5.819075158797204494e-04
-1.302826218307018280e-02
1.046208385378122330e-02
-8.603524416685104370e-03
4.696616379078477621e-04
1.732985372655093670e-03
-1.286301761865615845e-02
-1.071939431130886078e-02
-4.783444106578826904e-03
-6.152400281280279160e-03
-2.665658248588442802e-03
-3.598294220864772797e-03
-1.136708259582519531e-02
4.001655150204896927e-03
3.293179033789783716e-04
-2.595659345388412476e-03
-3.508683061227202415e-03
1.422608736902475357e-02
-1.056379545480012894e-02
1.390145532786846161e-02
-1.098530180752277374e-02
-5.328204482793807983e-03
-7.587099913507699966e-03
1.010618079453706741e-02
-1.228209026157855988e-02
-2.487870631739497185e-03
4.819551948457956314e-03
1.118213683366775513e-02
8.760412223637104034e-03
-5.622758530080318451e-03
-1.436922326683998108e-02
5.760620813816785812e-03
1.383582875132560730e-02
-1.323147304356098175e-02
1.394963543862104416e-02
-1.009015366435050964e-02
8.860725210979580879e-04
3.426149021834135056e-03
1.111417659558355808e-03
7.438846863806247711e-03
-1.279481686651706696e-03
1.037749554961919785e-02
6.543596740812063217e-03
1.452748477458953857e-02
-1.347935758531093597e-02
-9.102219715714454651e-03
-2.979606622830033302e-03
-6.925204768776893616e-03
1.827884232625365257e-03
1.069959253072738647e-02
-1.167062204331159592e-02
4.445691592991352081e-03
8.340545464307069778e-04
-3.529645735397934914e-03
-1.467757672071456909e-02
-1.175644900649785995e-02
-5.419424269348382950e-03
6.082245148718357086e-03
-4.991116002202033997e-03
3.244007821194827557e-04
-1.447551039746031165e-04
-1.020085625350475311e-02
-2.454103901982307434e-03
-1.852457644417881966e-03
-4.152676265221089125e-04
-9.149097604677081108e-04
-5.380336660891771317e-03
7.905832491815090179e-03
4.315575584769248962e-03
-1.430699322372674942e-02
1.137496344745159149e-02
-1.320953201502561569e-02
-8.333324454724788666e-03
-1.104722265154123306e-02
4.564048722386360168e-03
-7.318352349102497101e-03
-2.257069136248901486e-04
-2.294130157679319382e-03
8.722167462110519409e-03
-3.018395742401480675e-03
1.287230756133794785e-02
2.401097211986780167e-03
6.423408165574073792e-03
-7.520911749452352524e-04
-7.449134252965450287e-03
1.094201020896434784e-02
-1.462072413414716721e-02
-4.791064187884330750e-03
-1.165924035012722015e-02
4.356990102678537369e-03
1.067837327718734741e-02
-1.104544382542371750e-02
1.383240427821874619e-02
-6.977352779358625412e-03
-1.101159304380416870e-02
1.447401824407279491e-03
-1.409370265901088715e-02
-7.503831759095191956e-03
-7.676291745156049728e-03
6.638545077294111252e-03
4.732481669634580612e-03
-1.154233049601316452e-02
9.495468810200691223e-03
1.087347790598869324e-02
-1.067437417805194855e-02
9.929573163390159607e-03
-3.978158347308635712e-03
-6.518783047795295715e-03
-7.462013512849807739e-03
-3.435561666265130043e-03
4.160085227340459824e-03
-1.220894604921340942e-02
7.356720045208930969e-03
-1.730716438032686710e-03
1.152728567831218243e-03
-1.306517887860536575e-02
1.406634598970413208e-02
-7.109676487743854523e-03
1.333419512957334518e-02
9.438897483050823212e-03
-3.372285282239317894e-03
2.077221404761075974e-03
-9.018675424158573151e-03
-1.090610120445489883e-02
-4.728474188596010208e-03
8.417357690632343292e-03
-5.218938924372196198e-03
7.600083015859127045e-03
-1.175621058791875839e-02
-6.665141321718692780e-03
1.408022642135620117e-02
-1.444703526794910431e-02
-4.550381097942590714e-03
-1.282657496631145477e-02
1.056345645338296890e-02
8.745371364057064056e-03
9.726935997605323792e-03
8.206756785511970520e-03
1.402821484953165054e-02
1.755433768266811967e-04
-1.013565901666879654e-02
-1.281110011041164398e-02
-1.335913036018610001e-02
-8.572416380047798157e-03
6.134633440524339676e-03
1.078186091035604477e-02
4.634690470993518829e-03
9.154778905212879181e-03
1.042588893324136734e-02
1.040109433233737946e-02
-3.053059801459312439e-03
-4.136362113058567047e-04
2.202406292781233788e-03
9.903158992528915405e-03
1.408543810248374939e-02
-5.057657137513160706e-03
-1.371719408780336380e-02
-1.062205247581005096e-02
-2.447727369144558907e-03
-2.150163520127534866e-03
-2.758635906502604485e-03
1.343062706291675568e-02
-1.468214951455593109e-02
1.311872620135545731e-02
-3.335501533001661301e-03
-1.308569032698869705e-02
-3.891681844834238291e-04
-8.834121748805046082e-03
-7.172990008257329464e-04
1.294008549302816391e-02
1.371616497635841370e-02
-2.713389461860060692e-03
1.300043240189552307e-02
-6.159219425171613693e-03
-1.191433984786272049e-02
-1.388307008892297745e-02
1.207140157930552959e-03
-6.085407803766429424e-04
-9.487448842264711857e-04
1.034818589687347412e-02
6.449908018112182617e-03
-9.065940044820308685e-03
-6.565014366060495377e-03
8.757149334996938705e-04
1.178191974759101868e-02
-1.170316152274608612e-02
1.109979208558797836e-02
-4.479381255805492401e-03
1.142787374556064606e-02
-9.186367504298686981e-03
-6.948977708816528320e-03
-1.489376532845199108e-03
1.139826048165559769e-02
-8.312024176120758057e-03
-2.945969812572002411e-03
1.329167280346155167e-02
-4.413906019181013107e-03
-4.795022308826446533e-03
8.854982443153858185e-04
-5.341790150851011276e-03
5.178899154998362064e-04
-1.431021280586719513e-02
3.008066210895776749e-03
6.494437810033559799e-03
5.342849064618349075e-03
7.641088217496871948e-03
-5.775277386419475079e-04
2.555558457970619202e-03
-1.356540061533451080e-02
-7.642233278602361679e-03
1.449721772223711014e-02
1.438761316239833832e-02
3.025450045242905617e-03
3.717499552294611931e-03
-1.368226110935211182e-02
-1.199204102158546448e-02
-3.379051573574542999e-03
1.006419304758310318e-02
-9.630054235458374023e-03
-9.411742910742759705e-03
-3.819756675511598587e-03
5.929478444159030914e-03
1.334108132869005203e-02
9.198402054607868195e-03
5.069993901997804642e-03
-7.563394028693437576e-03
-3.446135437116026878e-03
-9.753572754561901093e-03
1.170279644429683685e-02
1.162969414144754410e-02
9.898290969431400299e-03
-1.381593756377696991e-02
6.742997094988822937e-03
1.171825733035802841e-02
-1.018473505973815918e-02
-2.837636740878224373e-03
1.398691069334745407e-02
-9.344389662146568298e-03
-1.459041703492403030e-02
8.168607018887996674e-03
-1.288777403533458710e-02
8.242757990956306458e-03
1.737486221827566624e-03
1.177440863102674484e-02
-4.826701246201992035e-03
1.149192173033952713e-02
