-9.721506386995315552e-03
-1.420139800757169724e-02
3.697753709275275469e-04
-7.525341119617223740e-03
-6.897565443068742752e-03
-1.134948804974555969e-02
3.096332307904958725e-03
-1.159923989325761795e-02
-2.881861000787466764e-04
7.802122738212347031e-03
2.316236263141036034e-03
-5.032537505030632019e-03
-1.177492830902338028e-02
1.226452924311161041e-02
-1.223189383745193481e-02
-1.254199631512165070e-02
2.986425533890724182e-03
-9.103651158511638641e-03
-9.519569575786590576e-03
5.281850229948759079e-03
8.750895969569683075e-03
8.936977945268154144e-03
-1.051770430058240891e-02
-1.417929586023092270e-02
5.391570739448070526e-03
-1.102166995406150818e-02
-1.149680465459823608e-02
-7.423851056955754757e-04
-3.837302094325423241e-03
-3.351318882778286934e-03
-8.943224325776100159e-03
-9.615524671971797943e-03
-1.182450167834758759e-02
4.447077400982379913e-03
1.083296723663806915e-02
1.343152765184640884e-02
1.094656903296709061e-02
3.772601252421736717e-03
7.630030158907175064e-03
8.047677576541900635e-03
4.542157053947448730e-03
-7.071069907397031784e-03
-1.325046550482511520e-02
1.189320534467697144e-02
-5.857756827026605606e-03
-1.372717553749680519e-03
-2.373157301917672157e-03
-1.741093350574374199e-03
1.352470275014638901e-02
-2.122480218531563878e-04
8.607470430433750153e-03
-8.290666155517101288e-03
9.344012476503849030e-03
2.209595870226621628e-03
-1.364734303206205368e-02
1.393596921116113663e-02
1.204723957926034927e-02
2.011300239246338606e-04
-2.217273693531751633e-03
-1.142106577754020691e-02
1.406606659293174744e-02
4.447584971785545349e-03
8.212066255509853363e-03
1.289452612400054932e-02
5.205926019698381424e-03
-8.768195402808487415e-04
-8.435602299869060516e-03
-1.131956186145544052e-02
-5.052559077739715576e-03
-1.058907993137836456e-02
-8.150552399456501007e-03
1.267185714095830917e-02
1.142230583354830742e-03
-7.741227746009826660e-03
-1.228284928947687149e-02
1.087263319641351700e-02
-6.473264191299676895e-03
-1.181214395910501480e-02
-1.230441778898239136e-02
7.104692514985799789e-03
3.890698542818427086e-03
-2.729126019403338432e-03
1.287103258073329926e-02
6.218967493623495102e-03
9.322742698714137077e-04
9.116630069911479950e-03
2.955598756670951843e-03
-9.669644758105278015e-03
2.519673900678753853e-03
-1.140677742660045624e-02
-9.684443473815917969e-03
-6.858888547867536545e-03
-6.347108166664838791e-03
3.121938323602080345e-03
-1.450060401111841202e-02
-1.049918960779905319e-02
4.271073848940432072e-04
-7.986403070390224457e-03
-4.239695612341165543e-03
-1.050325809046626091e-03
-5.047494079917669296e-03
-4.376634024083614349e-04
9.469648823142051697e-03
4.955317359417676926e-03
-4.910692572593688965e-03
6.681778933852910995e-03
6.531618535518646240e-03
4.592000972479581833e-03
-3.907077945768833160e-03
1.068728510290384293e-02
1.118336990475654602e-02
-1.412953622639179230e-02
8.947250433266162872e-03
-1.400971226394176483e-02
1.156082749366760254e-02
1.051390171051025391e-02
-2.256963634863495827e-03
1.382239256054162979e-02
1.217136718332767487e-02
8.702052757143974304e-03
-4.269747994840145111e-03
-1.134518347680568695e-02
-3.208374371752142906e-03
-1.009673625230789185e-02
9.672547690570354462e-03
-5.142818205058574677e-03
6.162034347653388977e-03
-3.541202750056982040e-03
-1.053805183619260788e-02
-1.752882148139178753e-03
-6.049267016351222992e-03
-7.311886642128229141e-03
6.620249710977077484e-03
-1.063876878470182419e-02
-1.101281028240919113e-02
4.980537109076976776e-03
5.688767414540052414e-03
-5.452492274343967438e-03
-1.316286507062613964e-03
-5.875695496797561646e-03
-1.143721118569374084e-02
-1.021999632939696312e-03
1.339496951550245285e-02
1.415243744850158691e-02
-7.517830003052949905e-03
-2.769109327346086502e-03
-9.959273971617221832e-03
-8.432309143245220184e-03
2.997473347932100296e-03
-5.988206714391708374e-03
-5.252923350781202316e-03
-1.859682262875139713e-03
7.238545367727056146e-05
-8.540319278836250305e-03
5.654709413647651672e-03
7.858492434024810791e-03
3.579479234758764505e-04
-1.327728107571601868e-02
-9.414847008883953094e-03
1.464689429849386215e-02
-5.671760998666286469e-03
-1.273490954190492630e-02
7.708474062383174896e-03
-1.103711314499378204e-02
-1.026976853609085083e-02
1.025467459112405777e-02
-9.228776209056377411e-03
1.461662352085113525e-02
-1.972904428839683533e-03
1.125039905309677124e-02
-4.559623543173074722e-03
-1.190317235887050629e-02
-1.078702975064516068e-02
7.348724640905857086e-03
1.179797388613224030e-02
1.772401388734579086e-03
1.092717144638299942e-02
-8.988588233478367329e-04
-7.937910966575145721e-03
-9.086929261684417725e-03
7.578034885227680206e-03
6.048966664820909500e-03
1.157944835722446442e-02
4.035803023725748062e-03
-8.864644914865493774e-03
-8.919481188058853149e-03
-1.171296025859192014e-04
-1.271603442728519440e-02
1.313819084316492081e-03
4.807355813682079315e-03
1.174385752528905869e-02
-3.681391943246126175e-03
1.286696363240480423e-02
1.197708398103713989e-02
-1.875780639238655567e-03
-3.288860898464918137e-03
5.892383866012096405e-03
-1.188689377158880234e-02
-1.303763221949338913e-02
1.275336742401123047e-02
1.299051940441131592e-02
-1.175354421138763428e-02
-4.005576949566602707e-03
-1.440437044948339462e-02
1.356564811430871487e-03
5.301631055772304535e-03
3.941789269447326660e-03
-1.017406117171049118e-02
-9.054207243025302887e-03
8.205587975680828094e-03
-1.361072063446044922e-02
8.791025029495358467e-04
-3.826679196208715439e-03
9.765640832483768463e-03
-1.196999847888946533e-02
-5.061351694166660309e-03
9.075835347175598145e-03
7.308474276214838028e-03
-1.044655335135757923e-03
-5.785483866930007935e-03
-5.281913327053189278e-04
2.781591843813657761e-03
1.105045434087514877e-02
7.069102954119443893e-03
-1.213265582919120789e-03
1.428994722664356232e-02
6.903267465531826019e-03
7.547975517809391022e-03
-1.256664004176855087e-02
8.371309377253055573e-03
3.815591102465987206e-03
-1.108388323336839676e-02
5.205249879509210587e-03
9.006737731397151947e-03
1.150273066014051437e-02
1.277267234399914742e-03
-1.161841955035924911e-02
-6.305310875177383423e-03
4.837065469473600388e-03
5.741733592003583908e-03
3.705287585034966469e-03
-8.548357523977756500e-03
-1.264899317175149918e-02
8.285768330097198486e-03
7.986362092196941376e-03
-1.186253782361745834e-02
5.640537478029727936e-03
3.185834735631942749e-03
8.435255847871303558e-03
-6.219815928488969803e-03
-5.720274057239294052e-03
-1.242713537067174911e-02
-1.453840825706720352e-02
-5.496862344443798065e-03
6.871941965073347092e-03
1.141708996146917343e-02
4.311118740588426590e-03
-6.336683873087167740e-03
-2.224229683633893728e-04
-5.033548921346664429e-03
-4.773155320435762405e-03
-4.411538597196340561e-03
-1.424962468445301056e-02
-1.309485547244548798e-02
8.389348164200782776e-03
-7.065991405397653580e-03
-7.515273056924343109e-03
-6.173563189804553986e-03
4.896206315606832504e-03
-1.234149327501654625e-03
-3.356171073392033577e-03
-1.142659038305282593e-02
-1.829578890465199947e-03
6.061891559511423111e-03
-7.757203187793493271e-03
-1.439022179692983627e-02
-7.681082468479871750e-03
-5.682403221726417542e-03
3.589720930904150009e-03
-2.995441434904932976e-03
9.932208806276321411e-03
1.143901329487562180e-02
-5.941074341535568237e-03
8.177001029253005981e-03
4.745257552713155746e-03
-1.197850331664085388e-03
-1.537478412501513958e-03
6.434608716517686844e-03
-1.222592592239379883e-02
1.024017389863729477e-02
7.535503711551427841e-03
3.282466903328895569e-03
-7.285931147634983063e-03
-4.390932619571685791e-03
-2.350640483200550079e-03
-9.656226262450218201e-03
-7.881119847297668457e-03
-8.715195581316947937e-03
-1.157334912568330765e-02
9.938843548297882080e-03
2.031465759500861168e-03
-2.097513526678085327e-03
5.699962843209505081e-03
1.280507817864418030e-02
-4.505601711571216583e-03
-3.810984781011939049e-03
-1.033442001789808273e-02
1.099446043372154236e-02
4.417616873979568481e-03
8.882390335202217102e-03
8.332535624504089355e-03
-9.884338825941085815e-03
9.949886240065097809e-03
6.023532710969448090e-03
-6.431598681956529617e-03
-3.115096362307667732e-03
1.018629781901836395e-02
-1.762091298587620258e-03
1.248507294803857803e-02
-8.698933757841587067e-03
-1.271826121956110001e-02
1.201906427741050720e-02
-1.586537342518568039e-03
-1.048420462757349014e-02
1.243709959089756012e-02
-8.184329606592655182e-03
1.831273548305034637e-03
-8.835698477923870087e-03
-3.134584112558513880e-04
-1.035584043711423874e-02
5.202571628615260124e-04
1.426979247480630875e-02
5.391256418079137802e-03
-1.424079854041337967e-02
-9.024044498801231384e-03
-1.292240619659423828e-02
-1.401024521328508854e-03
-5.103129893541336060e-03
4.275474697351455688e-03
9.021040983498096466e-03
1.441286318004131317e-02
7.459746208041906357e-03
1.338044740259647369e-02
7.214244455099105835e-03
1.078007835894823074e-02
1.151802949607372284e-02
4.673383198678493500e-03
-6.250607781112194061e-03
-2.468698890879750252e-03
5.680218455381691456e-04
2.318752696737647057e-03
-3.931517712771892548e-03
1.392493769526481628e-02
6.498218514025211334e-03
-6.004397873766720295e-04
1.140423119068145752e-02
-8.525712415575981140e-03
-1.209946069866418839e-02
3.916943911463022232e-03
1.384111959487199783e-02
8.840494556352496147e-04
8.858419023454189301e-03
4.907581023871898651e-03
-5.258976481854915619e-03
5.786110647022724152e-03
5.924889817833900452e-03
-7.032568566501140594e-03
1.007116865366697311e-02
-6.024890113621950150e-03
-8.550329133868217468e-03
1.368330139666795731e-02
-3.957499749958515167e-03
8.901063352823257446e-03
1.391650270670652390e-02
2.259538276121020317e-03
-1.273101381957530975e-02
1.023446675390005112e-03
4.968881607055664062e-03
9.966005571186542511e-03
-9.127170778810977936e-03
-6.067816633731126785e-03
3.134805243462324142e-03
1.736523932777345181e-03
1.286231074482202530e-02
-7.136429194360971451e-03
3.992623533122241497e-04
1.987021882086992264e-03
5.612580105662345886e-03
1.397283980622887611e-03
8.088246919214725494e-03
1.076977234333753586e-02
-1.430105790495872498e-02
8.611444383859634399e-03
6.025127135217189789e-03
-1.040773745626211166e-02
1.262431032955646515e-02
-1.357816974632441998e-03
-1.389949861913919449e-02
7.877633906900882721e-03
-9.783939458429813385e-03
-6.199464201927185059e-03
-1.128420978784561157e-02
2.299380954355001450e-03
-4.650786984711885452e-03
-1.162590924650430679e-03
9.058313444256782532e-03
3.773205447942018509e-03
-1.281017810106277466e-02
-1.437467616051435471e-02
-3.727883566170930862e-03
-9.885875508189201355e-03
3.156159771606326103e-03
-7.654096116311848164e-04
-6.280387751758098602e-03
-8.438647724688053131e-03
1.186601165682077408e-02
7.175000384449958801e-03
-4.562925081700086594e-03
-1.023129187524318695e-02
4.014908918179571629e-04
5.386728793382644653e-03
6.588110700249671936e-03
-9.731368161737918854e-03
8.882873691618442535e-03
-1.463212817907333374e-02
6.701680831611156464e-03
1.145043689757585526e-02
1.033154316246509552e-02
1.201812271028757095e-02
-8.901748224161565304e-04
-8.824427612125873566e-03
-3.706081304699182510e-03
2.310318173840641975e-03
1.056805904954671860e-02
-1.334040705114603043e-02
-1.248038490302860737e-03
-2.543950453400611877e-03
5.739426240324974060e-03
-7.835500873625278473e-03
1.499602367402985692e-04
4.957863595336675644e-03
-1.343443058431148529e-02
-9.170706383883953094e-03
1.311557088047266006e-02
-2.233470324426889420e-03
7.341180462390184402e-03
9.786739014089107513e-03
8.998380042612552643e-03
1.457867026329040527e-02
-6.764125078916549683e-03
-1.204767357558012009e-02
1.128151733428239822e-02
9.130517719313502312e-04
8.515649475157260895e-03
4.975721705704927444e-03
-1.450503803789615631e-02
1.084135472774505615e-02
8.234491571784019470e-03
5.079678958281874657e-04
-1.037660334259271622e-02
-5.144433584064245224e-03
-2.405924722552299500e-03
1.141760777682065964e-02
1.025799661874771118e-02
-1.322958525270223618e-02
1.146938372403383255e-02
-8.892971090972423553e-03
-8.142894133925437927e-03
-1.403061021119356155e-02
-5.607748869806528091e-03
3.423393703997135162e-03
-1.137303933501243591e-02
9.649001061916351318e-03
6.118213757872581482e-03
1.324217487126588821e-02
5.908189341425895691e-03
2.804686548188328743e-03
5.011098925024271011e-03
-1.323321834206581116e-02
4.466976039111614227e-03
-9.392554871737957001e-03
1.422916911542415619e-02
-1.246824767440557480e-02
-4.702625796198844910e-03
-1.368954218924045563e-02
1.221940736286342144e-03
4.848905373364686966e-03
5.812823073938488960e-04
7.432041689753532410e-03
8.489258587360382080e-03
-1.926704542711377144e-03
-2.010924508795142174e-03
-6.723460275679826736e-03
5.163315683603286743e-03
1.246758271008729935e-03
-3.521325299516320229e-03
-8.771068416535854340e-03
-7.806209381669759750e-03
2.217530040070414543e-03
-8.596095256507396698e-03
1.133119221776723862e-02
1.431977283209562302e-02
3.137357067316770554e-03
7.172383833676576614e-03
-6.338819395750761032e-03
1.283662393689155579e-02
4.496721085160970688e-03
5.535683128982782364e-03
6.783621385693550110e-03
9.860012680292129517e-03
6.467240746133029461e-04
-5.072952713817358017e-03
