-2.688442822545766830e-03
1.443167030811309814e-02
-6.829805672168731689e-03
9.308001026511192322e-03
1.800238341093063354e-02
9.038066491484642029e-03
7.621040102094411850e-03
1.390370260924100876e-02
-8.057421073317527771e-03
-1.985069736838340759e-02
9.248664602637290955e-03
1.397342793643474579e-02
-1.211054623126983643e-03
1.361408829689025879e-02
1.560922712087631226e-02
-5.714960396289825439e-03
-9.205996990203857422e-03
-8.783124387264251709e-03
6.069583352655172348e-03
5.864235572516918182e-03
1.346110086888074875e-02
1.239024661481380463e-02
-1.805370859801769257e-02
-1.694221049547195435e-02
4.448066465556621552e-03
4.093274474143981934e-04
-5.705997347831726074e-03
-1.245092414319515228e-02
-1.856433926150202751e-03
-1.814620755612850189e-02
-3.976563923060894012e-03
-5.405644769780337811e-04
1.549920439720153809e-02
1.783063262701034546e-02
-1.044392585754394531e-03
-7.547967135906219482e-03
1.617621630430221558e-02
1.562018506228923798e-02
9.239768609404563904e-03
1.006950438022613525e-02
7.945368997752666473e-03
7.642410695552825928e-03
-7.065398152917623520e-03
1.366344094276428223e-02
4.677653312683105469e-03
1.505406480282545090e-02
1.217207126319408417e-02
1.732293516397476196e-02
-1.254780124872922897e-02
1.014198921620845795e-02
1.200039684772491455e-02
6.896803970448672771e-04
-8.233885164372622967e-04
1.950069889426231384e-02
5.266070365905761719e-04
1.599676720798015594e-02
-1.550540886819362640e-02
1.069253962486982346e-02
6.575415842235088348e-03
1.440056227147579193e-02
-6.250341888517141342e-03
-1.602374576032161713e-02
2.059089718386530876e-03
-6.131788250058889389e-03
2.018634974956512451e-02
-7.477688603103160858e-03
1.941064745187759399e-02
-8.274987339973449707e-03
5.069024860858917236e-03
3.661876078695058823e-03
2.060973644256591797e-02
-6.833583116531372070e-03
3.830579575151205063e-03
1.301578432321548462e-02
-2.133083995431661606e-03
9.777970612049102783e-03
-4.475839436054229736e-03
6.332688033580780029e-03
-9.487363509833812714e-03
1.411435287445783615e-02
2.369545400142669678e-03
-2.002233266830444336e-02
-4.378458106657490134e-05
-4.211708903312683105e-03
-1.775301247835159302e-02
-1.267674379050731659e-02
1.987564144656062126e-03
-1.263971440494060516e-02
1.236235164105892181e-02
-7.958983769640326500e-04
1.474369876086711884e-02
8.742767386138439178e-03
1.871916465461254120e-02
1.057195197790861130e-02
-1.343940943479537964e-02
9.920249693095684052e-03
1.667344942688941956e-02
1.398138701915740967e-02
1.580910943448543549e-02
-1.579385623335838318e-02
6.031717173755168915e-03
-9.821355342864990234e-04
2.002375572919845581e-02
-1.180167309939861298e-02
1.874157600104808807e-02
5.770700983703136444e-03
-7.440785877406597137e-03
4.748702049255371094e-04
5.473122000694274902e-04
4.469774663448333740e-03
6.437376141548156738e-04
1.597338728606700897e-02
1.546937040984630585e-02
1.326139271259307861e-02
-9.155504405498504639e-03
1.148564182221889496e-02
1.098481356166303158e-03
2.026028931140899658e-02
2.028319798409938812e-02
-1.654052734375000000e-02
-3.176520345732569695e-03
-9.655073285102844238e-03
-1.014571916311979294e-02
-1.217942964285612106e-02
-3.945027943700551987e-03
3.545584855601191521e-03
-1.825489476323127747e-02
-1.210850477218627930e-02
1.635505817830562592e-02
-5.581781268119812012e-03
-9.978252463042736053e-03
-1.487830281257629395e-02
-1.268041692674160004e-02
1.747981086373329163e-02
-4.068501293659210205e-03
1.220210455358028412e-02
-1.991511136293411255e-02
7.563121616840362549e-03
5.651665385812520981e-03
-3.443683381192386150e-04
1.492081396281719208e-02
1.396370469592511654e-03
-1.494430005550384521e-02
-7.755056023597717285e-03
-2.007641270756721497e-02
-1.962799206376075745e-02
1.649970887228846550e-03
-1.968019455671310425e-02
-1.030290126800537109e-02
-1.924340985715389252e-02
-9.702345123514533043e-04
4.340559244155883789e-04
1.690963469445705414e-02
-1.610152237117290497e-02
-1.930249272845685482e-03
1.470260322093963623e-02
3.329212544485926628e-03
1.235255412757396698e-02
8.563498849980533123e-04
1.742727309465408325e-02
4.572696983814239502e-03
2.312434371560811996e-03
-5.432769656181335449e-03
-1.012777816504240036e-02
1.526921056210994720e-02
-1.727199181914329529e-02
1.286912243813276291e-02
3.029791172593832016e-03
-1.204840652644634247e-02
-1.096076518297195435e-02
4.457694943994283676e-03
1.128522120416164398e-02
8.971932344138622284e-03
-1.786753535270690918e-02
1.333114318549633026e-02
-8.399623446166515350e-03
-1.060199737548828125e-02
2.498850226402282715e-03
1.599443331360816956e-02
-1.114564388990402222e-02
4.267585929483175278e-03
6.843072827905416489e-03
1.238901913166046143e-02
-7.266188971698284149e-03
8.384531363844871521e-03
-3.425883827731013298e-03
-2.031524851918220520e-02
1.340314745903015137e-02
-1.068707369267940521e-02
3.393041668459773064e-03
9.084912948310375214e-03
-1.235833764076232910e-02
-2.026334032416343689e-02
8.861268870532512665e-03
3.845542669296264648e-03
1.193507760763168335e-02
1.987287029623985291e-02
8.053938858211040497e-03
-7.006739731878042221e-03
-1.046966016292572021e-02
1.661914167925715446e-03
-1.619073003530502319e-02
7.895643822848796844e-03
-1.698683016002178192e-02
1.268403511494398117e-02
-1.135684549808502197e-02
-1.660811481997370720e-03
3.939171787351369858e-03
1.180732529610395432e-02
-7.103805895894765854e-03
-5.015586968511343002e-03
1.027445076033473015e-03
1.130352169275283813e-02
-8.131804876029491425e-03
-1.466209720820188522e-02
5.218821577727794647e-03
-1.963103376328945160e-02
-9.909493848681449890e-03
8.474635891616344452e-03
-8.870614692568778992e-03
2.183616161346435547e-03
1.333862822502851486e-02
-1.605089381337165833e-02
-1.645591109991073608e-02
9.547188878059387207e-03
-4.118065349757671356e-03
9.913062676787376404e-03
-9.317679330706596375e-03
1.025164686143398285e-02
7.217479404062032700e-03
-1.308822166174650192e-02
1.483448129147291183e-02
7.930226624011993408e-03
7.815214805305004120e-03
-2.000160515308380127e-03
5.004036240279674530e-03
-1.221137028187513351e-02
1.859506219625473022e-02
-6.053231656551361084e-03
5.795178469270467758e-03
1.929190754890441895e-02
1.718253642320632935e-02
2.070659399032592773e-02
1.348325889557600021e-02
-2.043366990983486176e-02
1.586643978953361511e-02
8.273899555206298828e-03
6.978022865951061249e-03
1.253203302621841431e-02
-1.761511527001857758e-02
3.819142933934926987e-03
5.764072295278310776e-03
-1.308778673410415649e-02
7.389836013317108154e-03
5.270227789878845215e-03
3.290842054411768913e-03
-1.106508355587720871e-02
-1.075199805200099945e-02
-6.574675440788269043e-03
-2.107443986460566521e-03
1.619122549891471863e-02
1.812487840652465820e-02
-9.990866295993328094e-03
1.526567619293928146e-02
7.905563339591026306e-03
-1.805604062974452972e-02
1.577404513955116272e-02
-1.204250007867813110e-02
3.731844481080770493e-03
-1.498814206570386887e-02
2.082969620823860168e-02
-1.863042591139674187e-03
-1.193666458129882812e-02
-1.167093031108379364e-02
-2.082283794879913330e-02
-1.206511817872524261e-02
-1.209864020347595215e-02
-1.394891738891601562e-02
1.020734012126922607e-02
1.376145612448453903e-02
-2.349803922697901726e-03
-1.411442458629608154e-02
-6.061579100787639618e-03
2.013850025832653046e-02
1.668793498538434505e-03
-1.897686719894409180e-02
-1.850414834916591644e-02
1.387666445225477219e-02
5.803245119750499725e-03
-1.382398186251521111e-03
-8.982012979686260223e-03
-3.142794128507375717e-03
1.942368224263191223e-02
-1.091643702238798141e-02
2.026465162634849548e-02
7.614049129188060760e-03
8.068611845374107361e-03
3.201847430318593979e-03
-1.388009171932935715e-02
-1.505554467439651489e-02
-1.492670737206935883e-02
-6.332671036943793297e-04
2.063509449362754822e-02
8.519262075424194336e-03
-3.589361906051635742e-03
4.023815505206584930e-03
-1.676996424794197083e-02
2.066410705447196960e-02
-4.692818038165569305e-03
1.671100966632366180e-02
-4.375825519673526287e-04
7.135719060897827148e-03
-1.374321756884455681e-03
6.954434327781200409e-03
6.630845367908477783e-03
1.966088637709617615e-02
-7.312913890928030014e-03
-1.335719786584377289e-02
-2.034388482570648193e-02
-4.962469451129436493e-03
-1.901736855506896973e-02
7.450794335454702377e-03
5.914052482694387436e-03
1.110404543578624725e-02
3.123283386230468750e-04
1.793387532234191895e-02
2.374885138124227524e-03
1.576212793588638306e-02
-1.069107186049222946e-02
-1.716361194849014282e-02
1.109519135206937790e-02
-5.037032067775726318e-03
-4.895538091659545898e-03
5.984810646623373032e-03
1.952028088271617889e-02
-1.402385532855987549e-03
-1.916163228452205658e-02
1.218899339437484741e-02
1.057301461696624756e-02
7.380696944892406464e-03
8.995997719466686249e-03
-1.194234192371368408e-02
1.227150438353419304e-03
-5.439959466457366943e-03
-8.208061568439006805e-03
-5.067860241979360580e-03
-2.065682783722877502e-02
1.526855211704969406e-02
-1.720891892910003662e-02
1.257204264402389526e-02
-1.267335843294858932e-02
6.851427257061004639e-03
-2.694162307307124138e-03
-9.965151548385620117e-04
-1.164243184030056000e-02
-8.620603010058403015e-03
-1.712947711348533630e-02
1.310120057314634323e-02
1.010151486843824387e-02
-3.564134240150451660e-04
1.108739525079727173e-02
-1.182753406465053558e-02
2.726885257288813591e-03
-1.771555095911026001e-02
-8.137199096381664276e-03
-6.784453988075256348e-03
-1.656513661146163940e-02
-1.711983792483806610e-02
6.546224467456340790e-03
-1.461319625377655029e-02
7.597779622301459312e-04
-4.583212547004222870e-03
-7.696303538978099823e-03
9.732994250953197479e-03
4.331084899604320526e-03
-3.203426953405141830e-03
7.342857774347066879e-03
-1.379410503432154655e-03
-3.215020056813955307e-03
7.523976266384124756e-03
-2.950402675196528435e-03
-1.542896311730146408e-02
2.205061493441462517e-03
-1.982387900352478027e-02
-8.943237364292144775e-03
1.286309212446212769e-02
9.664133191108703613e-03
1.478691212832927704e-02
1.852683722972869873e-02
-2.987625775858759880e-03
1.488368492573499680e-02
2.967814725707285106e-05
7.185891270637512207e-03
1.406176388263702393e-02
-1.364760659635066986e-02
-1.963698491454124451e-02
-1.813746802508831024e-02
6.124563515186309814e-03
-5.600278964266180992e-04
8.096367120742797852e-03
5.158079322427511215e-03
-1.134721469134092331e-02
7.694388623349368572e-04
1.903055980801582336e-02
-1.381824724376201630e-02
-3.119312226772308350e-03
7.009205874055624008e-03
-1.817010901868343353e-02
6.145184393972158432e-03
2.007057517766952515e-02
-4.634852521121501923e-03
1.391885709017515182e-02
7.879465818405151367e-03
-6.420677062124013901e-03
4.316618200391530991e-03
4.942715167999267578e-05
-2.036653459072113037e-02
-1.838345080614089966e-02
-5.062925629317760468e-03
-1.420041732490062714e-02
6.122214253991842270e-03
-2.034032158553600311e-02
3.184956964105367661e-03
5.064751021564006805e-03
8.547510020434856415e-03
1.422208081930875778e-02
-2.036215923726558685e-02
6.132347043603658676e-03
-1.761489175260066986e-02
-1.114753168076276779e-02
-2.010484598577022552e-02
-1.189327053725719452e-02
-1.087314449250698090e-02
2.081445977091789246e-02
1.722855679690837860e-02
1.568997465074062347e-02
1.743148639798164368e-02
-1.760993897914886475e-02
2.222537994384765625e-03
1.937679946422576904e-03
-1.547926943749189377e-02
-8.307333104312419891e-03
2.106599509716033936e-03
-5.395653657615184784e-03
4.006545059382915497e-03
-1.261921972036361694e-02
-1.259075384587049484e-02
3.423959016799926758e-03
-6.086950656026601791e-03
-1.542774867266416550e-02
-7.462715264409780502e-03
1.816963194869458675e-03
1.623243093490600586e-03
-1.934960484504699707e-02
-2.395351883023977280e-03
-2.195003209635615349e-03
-7.870952598750591278e-03
-5.495913326740264893e-03
6.637610495090484619e-03
-7.975092157721519470e-03
-8.658915758132934570e-03
-1.816672086715698242e-02
-1.031614840030670166e-02
2.643441257532685995e-04
-9.026719257235527039e-03
1.709000393748283386e-02
-7.853014394640922546e-03
6.883621215820312500e-03
-8.936065249145030975e-03
6.785146892070770264e-03
-2.002013847231864929e-02
-2.722459612414240837e-03
-1.814094744622707367e-02
-9.027652442455291748e-03
-4.772608634084463120e-03
7.467806339263916016e-03
-1.015762053430080414e-02
-2.065933309495449066e-02
-1.112523488700389862e-02
-1.274091564118862152e-02
1.449706964194774628e-02
3.606232581660151482e-03
-1.516242325305938721e-02
1.210481487214565277e-02
1.774360053241252899e-02
1.864088326692581177e-02
1.895580068230628967e-02
-6.782251410186290741e-03
1.425224542617797852e-02
1.799014210700988770e-02
3.396180924028158188e-03
-1.941304281353950500e-02
-6.118064280599355698e-03
-1.213810127228498459e-02
1.845361106097698212e-02
2.031160891056060791e-02
-3.542651887983083725e-03
1.592426747083663940e-02
-5.081340670585632324e-03
1.709459349513053894e-02
1.969035528600215912e-02
-1.746618002653121948e-02
-1.147582940757274628e-02
1.371293514966964722e-02
-1.308033941313624382e-03
-6.773360073566436768e-03
1.374873053282499313e-02
-7.492107804864645004e-03
-1.254339329898357391e-02
1.030759792774915695e-02
-4.643668886274099350e-03
-7.337125949561595917e-03
