-2.799600921571254730e-02
-2.314203791320323944e-02
1.304107834585011005e-03
2.411967888474464417e-02
7.517463061958551407e-03
2.424736320972442627e-02
1.802328228950500488e-02
-1.249614730477333069e-02
2.665075287222862244e-02
2.677957993000745773e-03
-2.363546378910541534e-02
-3.538270015269517899e-03
2.539481036365032196e-03
3.588003339245915413e-03
-2.350929379463195801e-02
2.040101774036884308e-02
-1.873981952667236328e-02
-1.419190783053636551e-02
2.921597473323345184e-02
2.206913754343986511e-02
3.907848615199327469e-03
1.428927108645439148e-02
-2.640981227159500122e-03
1.041747163981199265e-02
-9.873742237687110901e-04
1.529514044523239136e-02
2.620122395455837250e-02
4.114396404474973679e-03
-2.648639306426048279e-02
-1.432424224913120270e-02
-2.287434786558151245e-02
-3.678882494568824768e-03
-2.484133467078208923e-02
-1.922180759720504284e-03
-1.376181747764348984e-02
-1.575621962547302246e-02
2.365182153880596161e-02
1.489533204585313797e-02
-1.766506396234035492e-02
2.915297821164131165e-02
-7.830329239368438721e-03
-4.825058858841657639e-03
-4.025143571197986603e-03
-1.064015459269285202e-02
1.761773414909839630e-02
-2.124961651861667633e-02
6.682239007204771042e-03
9.211717173457145691e-03
1.518882531672716141e-02
-1.575059257447719574e-02
5.067452788352966309e-03
-1.153382938355207443e-02
-2.034575911238789558e-03
-2.140502259135246277e-02
9.032097645103931427e-03
1.435744017362594604e-02
-1.720687188208103180e-02
1.415365282446146011e-02
-1.950359158217906952e-02
1.324654323980212212e-03
8.977886289358139038e-03
1.532020699232816696e-02
-5.325328093022108078e-03
3.976867534220218658e-03
-1.726650982163846493e-03
-2.119512297213077545e-03
7.293891627341508865e-03
-2.811105921864509583e-02
2.744159847497940063e-02
2.567993104457855225e-02
1.225057523697614670e-02
-1.767343841493129730e-02
-2.165361866354942322e-02
6.296985084190964699e-04
-9.627042345528025180e-06
-1.711899228394031525e-02
-1.262579025933519006e-04
3.221979131922125816e-03
3.364410717040300369e-03
1.861298643052577972e-02
1.882692798972129822e-02
-2.358157560229301453e-02
2.408814243972301483e-02
-1.327412854880094528e-02
2.257515862584114075e-02
6.778846494853496552e-03
4.688471555709838867e-03
-2.494719438254833221e-02
1.506670471280813217e-02
4.832459148019552231e-03
5.501238629221916199e-03
3.756042802706360817e-03
6.608222145587205887e-03
-1.412242930382490158e-02
7.896271534264087677e-03
-2.389118261635303497e-02
-7.300631608814001083e-03
-1.885141804814338684e-02
1.961408182978630066e-02
-1.128176343627274036e-03
-2.867023646831512451e-02
-8.644378744065761566e-03
-1.549939857795834541e-03
2.218899503350257874e-02
1.326516550034284592e-02
2.927320636808872223e-02
2.306777797639369965e-02
-1.484236400574445724e-02
4.904488450847566128e-04
1.612948626279830933e-02
1.271065697073936462e-02
1.932792924344539642e-02
1.097520813345909119e-02
1.822967454791069031e-02
-1.890194416046142578e-02
-6.692224182188510895e-03
-2.034088782966136932e-02
-8.751736953854560852e-03
2.345374785363674164e-02
4.769407678395509720e-03
-1.188175869174301624e-03
-7.462707348167896271e-03
9.291974827647209167e-03
-6.949906237423419952e-03
-2.101249061524868011e-02
-2.372296154499053955e-02
-1.757111586630344391e-02
2.639441564679145813e-02
2.174798399209976196e-03
-1.285648904740810394e-02
2.749221026897430420e-02
-2.060877904295921326e-02
-2.851578593254089355e-02
1.661037094891071320e-02
4.474941641092300415e-03
-1.662345416843891144e-02
2.428052201867103577e-02
4.900126252323389053e-03
-3.131517907604575157e-03
6.789474282413721085e-03
-1.948771998286247253e-02
1.878825388848781586e-02
-3.776737023144960403e-03
2.852691523730754852e-02
-1.576487161219120026e-02
2.538732951506972313e-03
-2.879833430051803589e-02
-1.136749633587896824e-03
2.896150574088096619e-02
-1.282991562038660049e-02
1.809000037610530853e-02
-1.491460017859935760e-02
1.543096266686916351e-02
-1.078146230429410934e-02
2.407085523009300232e-02
-5.395147949457168579e-03
2.403424680233001709e-02
3.000957425683736801e-03
-2.767262980341911316e-02
-1.952589303255081177e-02
2.197744883596897125e-02
1.456335186958312988e-02
2.932362444698810577e-02
2.508120238780975342e-02
-2.551030367612838745e-02
7.848565466701984406e-03
-4.909658338874578476e-03
-5.674816668033599854e-03
-1.588204316794872284e-02
-1.532644126564264297e-02
-1.926959864795207977e-02
-1.626156084239482880e-02
-1.138402894139289856e-02
-5.123135633766651154e-03
-2.384100854396820068e-02
-2.449176646769046783e-02
-5.367366247810423374e-04
-1.462373044341802597e-02
-2.659451775252819061e-02
-2.157353237271308899e-02
-5.082249641418457031e-03
2.118014730513095856e-02
-3.150034463033080101e-03
7.116010878235101700e-03
-1.402860321104526520e-02
-1.963104680180549622e-02
1.319522969424724579e-02
9.446626529097557068e-03
-7.128946483135223389e-03
-2.050751820206642151e-02
9.150045807473361492e-04
5.676312837749719620e-03
7.300020195543766022e-03
-4.892764613032341003e-03
-1.083352789282798767e-02
2.729120897129178047e-03
-8.616290870122611523e-04
-1.641429774463176727e-02
-4.854252561926841736e-03
8.887899108231067657e-03
-3.133512800559401512e-03
-2.246337197721004486e-02
2.148298546671867371e-02
-7.023421116173267365e-03
1.532174553722143173e-02
-7.836802862584590912e-03
1.776066794991493225e-02
-2.076774090528488159e-02
2.570403181016445160e-02
-2.710468322038650513e-02
2.076664753258228302e-02
9.914101101458072662e-03
-1.173891965299844742e-02
-1.537192892283201218e-02
-5.393092986196279526e-03
-1.466490793973207474e-02
-1.838945411145687103e-02
-1.773846708238124847e-02
-1.762782037258148193e-02
1.945138908922672272e-02
-1.168093271553516388e-02
2.892669290304183960e-02
2.095514908432960510e-02
2.628561668097972870e-02
1.441632921341806650e-04
2.690155990421772003e-02
-2.746128849685192108e-02
-2.157542854547500610e-03
-2.673687972128391266e-02
-1.591026969254016876e-02
2.440108358860015869e-02
1.980633474886417389e-02
-6.915279198437929153e-03
1.198638812638819218e-03
2.702999673783779144e-02
1.326100062578916550e-02
-1.118158735334873199e-02
-2.713974751532077789e-02
1.746309734880924225e-02
3.880400676280260086e-03
2.377185784280300140e-02
-1.982696354389190674e-02
-2.577477507293224335e-02
-5.820469465106725693e-03
-1.765780895948410034e-02
-4.125168547034263611e-03
2.125631272792816162e-02
1.242360938340425491e-02
3.691712627187371254e-04
1.296403352171182632e-02
9.645643644034862518e-03
-2.743718028068542480e-02
-1.762738265097141266e-02
-1.557564944960176945e-03
1.009924523532390594e-02
1.466052886098623276e-02
