-6.406408734619617462e-03
-1.150835677981376648e-02
1.319634355604648590e-02
-2.121684607118368149e-03
4.988448228687047958e-03
1.418773736804723740e-02
1.236898638308048248e-02
8.950743940658867359e-04
-7.624124176800251007e-03
-4.133002366870641708e-03
-2.313811099156737328e-03
-4.037288948893547058e-03
-1.259735040366649628e-02
3.961473703384399414e-03
2.068597124889492989e-03
-4.204745404422283173e-03
5.759749561548233032e-03
-7.671620231121778488e-03
4.760502371937036514e-03
3.376658074557781219e-03
-2.900839317589998245e-03
5.286918487399816513e-03
1.064234599471092224e-02
-6.562527734786272049e-03
-1.011992339044809341e-02
9.166193194687366486e-03
-3.944713156670331955e-03
-1.171629759483039379e-03
-1.103581208735704422e-02
-1.052873395383358002e-02
-7.148488424718379974e-03
-1.818636519601568580e-05
-1.037226524204015732e-02
-5.149763543158769608e-03
4.660828504711389542e-03
-9.193376637995243073e-03
-1.515558571554720402e-03
-1.175476517528295517e-02
1.224764436483383179e-02
1.257774699479341507e-02
-9.658114053308963776e-03
-6.424401886761188507e-03
5.163977853953838348e-03
-1.050178799778223038e-02
-1.115393918007612228e-02
1.209528371691703796e-02
4.407752770930528641e-03
-4.380866303108632565e-04
2.891582902520895004e-03
-3.150814212858676910e-03
-5.896347574889659882e-03
9.866884909570217133e-03
-1.200101990252733231e-02
1.656841835938394070e-03
8.164918981492519379e-03
-2.274944679811596870e-03
-3.808025736361742020e-03
-1.266290340572595596e-02
-9.034278802573680878e-03
-5.767371039837598801e-03
-1.363836415112018585e-02
1.371010113507509232e-02
-1.103133335709571838e-02
2.302556065842509270e-03
1.403270522132515907e-03
-9.879754856228828430e-03
-1.129001728259027004e-03
-7.287606131285429001e-03
-3.729625605046749115e-03
-5.160068627446889877e-03
6.000914145261049271e-03
-7.305286824703216553e-03
9.635131806135177612e-03
-8.527413592673838139e-04
-1.055389270186424255e-02
-1.410351600497961044e-02
1.142222620546817780e-02
-2.103514125337824225e-04
1.125467009842395782e-02
-3.231033682823181152e-03
-8.772337809205055237e-03
-8.092468604445457458e-03
-1.952470280230045319e-03
8.688546717166900635e-03
9.931156411767005920e-03
-3.038501599803566933e-03
6.263313349336385727e-03
-1.301206834614276886e-02
1.075374521315097809e-02
-6.943675689399242401e-03
5.996683612465858459e-03
-8.427476510405540466e-03
-3.708185104187577963e-04
7.364417426288127899e-03
6.444917060434818268e-03
-3.433269914239645004e-03
8.213366963900625706e-04
-3.602767130360007286e-03
1.430727425031363964e-04
4.604747053235769272e-03
3.814735915511846542e-03
-1.339271571487188339e-02
5.447934847325086594e-03
5.634931847453117371e-03
7.887219078838825226e-03
-1.247797859832644463e-03
8.038048632442951202e-03
7.872710004448890686e-03
1.182127743959426880e-03
-5.955563858151435852e-03
-1.198132708668708801e-02
-2.063662512227892876e-03
-6.383321247994899750e-03
1.318154297769069672e-02
-7.150112651288509369e-03
6.907420698553323746e-03
-6.100143305957317352e-03
-8.860593661665916443e-03
-1.378186163492500782e-03
7.067727856338024139e-03
1.146203558892011642e-02
-5.748173221945762634e-03
-8.167971391230821609e-04
9.719030000269412994e-03
-4.687224980443716049e-03
-3.646878991276025772e-03
1.382965780794620514e-02
-5.321987904608249664e-03
7.151981350034475327e-03
7.524840533733367920e-03
7.328481879085302353e-03
1.418347191065549850e-02
-3.549461951479315758e-03
-1.301864720880985260e-02
-9.127495810389518738e-03
-1.038754731416702271e-02
4.959322977811098099e-03
-2.447971608489751816e-03
1.188783161342144012e-02
7.402970804832875729e-04
4.572652280330657959e-03
-1.074460893869400024e-02
-7.416334934532642365e-03
-9.257644414901733398e-03
-9.738780558109283447e-03
-1.264747418463230133e-02
-1.012540981173515320e-02
1.333795674145221710e-02
5.037566879764199257e-04
1.230401685461401939e-03
2.839570166543126106e-03
-5.177269689738750458e-03
-2.399242715910077095e-03
4.679251927882432938e-03
1.394887547940015793e-02
-9.258222416974604130e-04
9.640238247811794281e-03
-1.382509712129831314e-03
-1.098089385777711868e-02
1.051875203847885132e-02
-1.469971984624862671e-02
-3.068452235311269760e-03
-1.114331465214490891e-02
1.373721566051244736e-02
2.446975850034505129e-05
1.614447333849966526e-03
-9.040959179401397705e-03
-3.797495970502495766e-03
3.725540824234485626e-03
-4.794599022716283798e-03
1.570656779222190380e-03
1.056935172528028488e-02
4.037151578813791275e-03
1.251183450222015381e-02
-7.035139482468366623e-03
-8.681093342602252960e-03
5.726156756281852722e-03
-6.137264426797628403e-03
-5.010638851672410965e-03
1.797450706362724304e-03
-7.280434481799602509e-03
-3.560114419087767601e-03
-2.402870915830135345e-03
-1.032614801079034805e-02
6.566405296325683594e-03
-2.950474387034773827e-03
6.200147327035665512e-03
-1.171276671811938286e-03
9.069614112377166748e-03
-1.380109111778438091e-03
-8.172031491994857788e-03
-6.238892674446105957e-04
-1.189672295004129410e-02
9.583859704434871674e-03
-1.120929513126611710e-02
6.994898431003093719e-03
-1.431556325405836105e-02
-1.373081654310226440e-02
-8.707156404852867126e-03
1.134466193616390228e-02
-7.600492332130670547e-03
2.319402527064085007e-03
-7.401610258966684341e-03
4.911202006042003632e-03
-1.101447083055973053e-02
-1.321686524897813797e-02
-2.561167348176240921e-03
-9.198742918670177460e-03
-1.093783788383007050e-02
1.164178177714347839e-02
-7.194985169917345047e-03
7.583722937852144241e-03
6.296721752732992172e-03
-2.866442373488098383e-04
1.240711566060781479e-02
4.506931174546480179e-03
-1.241779234260320663e-02
-7.784730289131402969e-03
7.063757628202438354e-03
8.427859283983707428e-04
8.086524903774261475e-03
-5.822903476655483246e-03
1.310587022453546524e-02
-4.260238492861390114e-04
-9.077131398953497410e-04
1.106647215783596039e-02
6.860313005745410919e-04
3.494630567729473114e-03
-3.928536083549261093e-03
-1.437667477875947952e-02
-1.423766184598207474e-02
-5.043407902121543884e-03
5.215881392359733582e-03
1.232193876057863235e-02
3.017515875399112701e-03
4.775230772793292999e-03
1.197595149278640747e-02
1.122920587658882141e-02
-1.458781771361827850e-02
7.319574709981679916e-03
-5.835099611431360245e-03
-3.137304214760661125e-03
-9.228568524122238159e-03
-1.423996221274137497e-02
-1.035729330033063889e-02
-2.198107540607452393e-03
1.172702480107545853e-02
-5.777681246399879456e-03
1.146950107067823410e-02
-3.817413933575153351e-03
4.665339831262826920e-03
6.418652366846799850e-03
-7.042597862891852856e-04
1.021344028413295746e-02
-1.303227245807647705e-02
-1.281100325286388397e-02
-1.022482197731733322e-02
9.626259095966815948e-03
7.106248289346694946e-03
-1.379248220473527908e-02
1.215743395732715726e-04
3.969808109104633331e-03
-1.141590904444456100e-02
1.224447041749954224e-02
-1.237390562891960144e-02
-5.758997984230518341e-03
-1.254794560372829437e-02
-1.405941601842641830e-02
-1.293773762881755829e-02
-7.838962483219802380e-04
-7.178040221333503723e-03
-1.231486815959215164e-02
1.384843979030847549e-02
3.840903751552104950e-03
4.654989577829837799e-03
-5.645435303449630737e-03
2.332627773284912109e-03
-3.406541887670755386e-03
-9.505202993750572205e-03
4.736332688480615616e-03
-1.149703189730644226e-02
-6.404622923582792282e-03
2.644948428496718407e-03
1.048038154840469360e-02
5.605562590062618256e-03
5.273441784083843231e-03
7.910401560366153717e-03
1.288401242345571518e-02
1.141694001853466034e-02
-5.126150790601968765e-03
6.525610573589801788e-03
1.164193265140056610e-02
1.064106076955795288e-02
-1.216074451804161072e-02
6.606200709939002991e-03
-4.716253373771905899e-03
3.974033519625663757e-03
-1.347001735121011734e-02
-2.646228531375527382e-03
-5.035194568336009979e-03
-7.143938448280096054e-03
-7.030770648270845413e-03
-1.897342270240187645e-03
-3.830498899333178997e-04
7.932013832032680511e-03
1.638198853470385075e-03
2.568839816376566887e-03
4.678658675402402878e-03
-4.766046535223722458e-03
3.496402408927679062e-03
-5.819824989885091782e-03
-1.458595134317874908e-02
1.409675460308790207e-02
1.089388970285654068e-03
-5.728221964091062546e-03
8.221339667215943336e-04
-1.468130201101303101e-02
-5.775540485046803951e-04
-2.370934002101421356e-03
-5.273601505905389786e-03
-3.148020012304186821e-03
1.224404200911521912e-02
1.284471247345209122e-02
-1.448547467589378357e-02
-1.707289833575487137e-03
4.241793882101774216e-03
-2.919812453910708427e-03
-1.339143607765436172e-02
1.002587471157312393e-02
-1.437921915203332901e-02
-3.661907976493239403e-03
3.879196010529994965e-03
-4.366223700344562531e-03
6.462513469159603119e-03
-1.066390424966812134e-02
7.838901132345199585e-03
2.389847533777356148e-03
-7.413455168716609478e-04
-2.867390685423742980e-05
3.914810251444578171e-03
-1.253092754632234573e-02
-1.351346354931592941e-02
7.568966597318649292e-03
-1.452305633574724197e-02
-7.245069835335016251e-03
1.268557272851467133e-02
-8.389832451939582825e-03
-5.074250511825084686e-03
-1.517033670097589493e-03
1.199561450630426407e-02
3.264448969275690615e-05
-1.045781467109918594e-02
8.978695608675479889e-03
2.711747540161013603e-03
-1.471060048788785934e-02
1.248667668551206589e-02
-4.770617466419935226e-03
1.353803183883428574e-02
1.328887697309255600e-02
-1.431345287710428238e-02
6.950561422854661942e-03
8.810768835246562958e-03
-8.832667954266071320e-03
-7.356481160968542099e-03
-1.212500594556331635e-02
-1.002505142241716385e-02
1.111133862286806107e-02
-3.220739308744668961e-03
1.162606943398714066e-02
2.691750647500157356e-03
1.311915274709463120e-02
-6.428514607250690460e-03
1.128465402871370316e-02
-3.629424842074513435e-03
9.003126993775367737e-03
-1.360523793846368790e-02
-3.100164234638214111e-03
1.064417790621519089e-02
-8.079373277723789215e-03
-7.197959814220666885e-03
-7.938410155475139618e-03
-5.294783972203731537e-03
-5.357703659683465958e-03
-8.951570838689804077e-03
-1.391051802784204483e-02
8.641860040370374918e-05
-9.860530495643615723e-03
1.127570960670709610e-02
-1.011418458074331284e-02
-3.130968194454908371e-03
-6.176875438541173935e-03
2.042366104433313012e-04
-5.888250190764665604e-03
6.718532647937536240e-03
1.181145105510950089e-02
1.391429081559181213e-02
-1.095835614250972867e-04
1.129307039082050323e-02
4.167643841356039047e-03
-6.418675184249877930e-03
-6.315036211162805557e-03
4.182231612503528595e-03
1.328503829427063465e-03
5.032925400882959366e-03
8.532337844371795654e-03
8.803563192486763000e-03
-9.061262942850589752e-03
1.041093561798334122e-02
-1.222738903015851974e-02
-1.132263708859682083e-02
-8.878420107066631317e-03
1.199746038764715195e-02
-4.938109312206506729e-03
2.985876053571701050e-04
-1.277219504117965698e-02
-5.085558164864778519e-03
3.640161827206611633e-03
-5.165763664990663528e-03
9.370770305395126343e-03
-3.833083901554346085e-03
-1.112153101712465286e-02
1.356312818825244904e-02
-1.350266858935356140e-02
1.019611302763223648e-02
-1.252999156713485718e-02
3.566801780834794044e-03
1.024912856519222260e-02
7.139904424548149109e-03
9.449374862015247345e-03
1.935739768669009209e-03
-1.769614522345364094e-03
-7.095922250300645828e-03
-5.806623958051204681e-04
3.748554736375808716e-03
-3.127220552414655685e-03
8.363037370145320892e-03
-2.604640030767768621e-04
-4.092876799404621124e-03
-1.134814973920583725e-02
4.396413452923297882e-03
-1.446444541215896606e-02
2.820681314915418625e-03
1.283028721809387207e-02
1.345634739845991135e-02
8.799828588962554932e-03
-7.871105335652828217e-03
-3.275298280641436577e-03
-1.074411813169717789e-02
2.879427047446370125e-03
-5.002658814191818237e-03
1.052827946841716766e-02
-1.185040175914764404e-02
1.206340640783309937e-02
3.179257968440651894e-03
1.095875445753335953e-02
2.261138055473566055e-03
-5.845047999173402786e-04
-7.610245607793331146e-03
8.811323903501033783e-03
-3.043241333216428757e-03
-1.202604151330888271e-03
2.603131579235196114e-03
1.284466497600078583e-02
7.897002506069839001e-04
-2.680736361071467400e-03
-9.507433511316776276e-03
1.416688319295644760e-02
-7.355141453444957733e-03
8.559731766581535339e-03
-1.337377633899450302e-02
-6.471866276115179062e-03
1.055423822253942490e-02
-1.339600142091512680e-02
1.360905542969703674e-02
1.287858281284570694e-02
-7.445762399584054947e-03
-8.421267382800579071e-03
8.617167361080646515e-03
1.342239417135715485e-02
1.407332066446542740e-02
1.289807353168725967e-02
8.196271024644374847e-03
3.912488464266061783e-03
3.223882813472300768e-04
-9.224927052855491638e-03
-2.556908839324023575e-06
-8.560467511415481567e-03
-1.371817011386156082e-02
-1.403699722141027451e-02
-6.669301539659500122e-03
-4.031748045235872269e-03
-1.227277796715497971e-02
-1.357314828783273697e-02
7.570825982838869095e-03
-9.032491361722350121e-04
-1.215181313455104828e-02
1.122361235320568085e-02
7.983422838151454926e-03
-1.438048575073480606e-02
-8.343358524143695831e-03
7.817829959094524384e-03
-9.753350168466567993e-03
4.747689701616764069e-03
1.511054113507270813e-03
-1.265703048557043076e-02
2.769005717709660530e-03
4.143605940043926239e-03
6.914276629686355591e-03
-1.116667222231626511e-02
7.376531139016151428e-03
-7.128233090043067932e-03
6.703526712954044342e-03
