-6.127034779638051987e-03
1.312843244522809982e-02
1.156056416220963001e-03
-1.333054993301630020e-02
1.032507512718439102e-02
-8.371635340154170990e-03
-3.497800324112176895e-03
4.734515212476253510e-03
6.741256918758153915e-03
3.198620863258838654e-03
9.960317052900791168e-03
6.733926478773355484e-03
3.103549825027585030e-03
-6.411933340132236481e-03
-8.791070431470870972e-03
-1.437765453010797501e-02
-9.783233515918254852e-03
1.133508048951625824e-02
3.715478349477052689e-03
-1.138522662222385406e-02
-2.963924547657370567e-03
5.674978252500295639e-03
-4.010697826743125916e-03
1.216018106788396835e-02
6.261441012611612678e-05
-1.221961434930562973e-02
-7.502825930714607239e-03
2.241843612864613533e-03
-2.472386695444583893e-04
7.331075612455606461e-04
9.413739666342735291e-03
-1.968760043382644653e-03
2.405197737971320748e-04
2.833699574694037437e-03
-1.390537805855274200e-02
-5.011989269405603409e-03
1.197928283363580704e-02
-2.152892528101801872e-03
-1.347615616396069527e-03
7.773266173899173737e-03
-3.158010775223374367e-03
1.433873176574707031e-02
-1.729241339489817619e-03
-1.134854834526777267e-02
-3.939678426831960678e-03
-2.815544605255126953e-03
-3.112957347184419632e-03
2.459883224219083786e-03
1.985762733966112137e-03
3.662566421553492546e-03
7.599763572216033936e-03
1.441561616957187653e-02
8.910764008760452271e-03
-7.280283141881227493e-03
-1.041346974670886993e-02
-7.949703722260892391e-04
-1.445020362734794617e-02
-6.299280095845460892e-03
8.815173059701919556e-03
9.239502251148223877e-04
-7.974229753017425537e-03
1.050173863768577576e-02
-1.128819584846496582e-02
1.345985569059848785e-02
-4.526562988758087158e-03
-9.933840483427047729e-03
-1.434901449829339981e-02
-1.108706556260585785e-02
2.983944141305983067e-04
1.320727355778217316e-02
4.355751909315586090e-03
-7.644268684089183807e-03
-1.147907692939043045e-02
-1.027077995240688324e-02
-1.275898423045873642e-02
3.868817293550819159e-04
9.978566318750381470e-03
-6.257455097511410713e-04
6.776352878659963608e-03
-9.116751141846179962e-03
-1.393026765435934067e-02
8.428140543401241302e-03
1.112858392298221588e-02
7.968792691826820374e-03
-1.263296976685523987e-02
9.327728301286697388e-03
-1.448234729468822479e-02
-2.526561263948678970e-03
-3.232795046642422676e-03
1.068549975752830505e-02
-6.653986405581235886e-03
3.810110210906714201e-04
-1.049257069826126099e-02
1.147609553299844265e-03
3.442823188379406929e-03
-7.744362112134695053e-03
-1.149010937660932541e-02
-6.758637260645627975e-03
5.157752428203821182e-03
-2.125753555446863174e-03
3.612123662605881691e-03
3.967532422393560410e-03
1.160050928592681885e-02
-6.595723796635866165e-03
-6.039234343916177750e-03
7.954295724630355835e-03
1.377322804182767868e-02
6.023027002811431885e-03
-1.306145265698432922e-02
4.521373484749346972e-04
-4.001818597316741943e-03
-1.545013859868049622e-03
9.431228041648864746e-03
1.135911792516708374e-02
-5.988882854580879211e-03
3.837758675217628479e-03
3.859536256641149521e-03
-9.635870344936847687e-03
3.852711990475654602e-03
4.255470819771289825e-03
2.222343580797314644e-03
1.414783671498298645e-02
1.353333517909049988e-02
-7.852384820580482483e-03
1.322537008672952652e-02
8.937317878007888794e-03
1.305846218019723892e-02
-8.406022563576698303e-03
7.033348549157381058e-03
5.297739524394273758e-03
9.490041062235832214e-03
-1.436027791351079941e-02
-1.427692943252623081e-03
-9.677832946181297302e-03
7.712569553405046463e-03
-1.184197887778282166e-02
6.653480697423219681e-03
6.091909017413854599e-03
9.643256664276123047e-03
-1.443137787282466888e-02
-9.852715767920017242e-03
-1.434590760618448257e-02
-1.625184202566742897e-03
-7.639119867235422134e-03
2.493144129402935505e-04
1.274005603045225143e-02
8.994416333734989166e-03
5.428984761238098145e-03
-3.617128590121865273e-03
-5.285760853439569473e-03
9.196521714329719543e-03
-7.487099617719650269e-03
-1.668344368226826191e-03
2.318002982065081596e-03
1.019053161144256592e-02
-9.276386350393295288e-03
1.415340136736631393e-02
-1.339774206280708313e-02
3.982928115874528885e-03
-1.532541937194764614e-03
-2.709455788135528564e-03
1.360168028622865677e-02
7.790544535964727402e-03
-9.814993478357791901e-03
-8.622614666819572449e-03
-5.072618951089680195e-04
-8.833816275000572205e-03
1.183985546231269836e-02
2.504494041204452515e-03
5.398974288254976273e-03
7.457165047526359558e-03
3.830194938927888870e-03
-3.199648199370130897e-05
-1.332279498456045985e-04
1.246394868940114975e-02
-9.428434073925018311e-03
1.035552099347114563e-02
-8.708648383617401123e-03
-9.154248051345348358e-03
8.643068373203277588e-03
-5.143970483914017677e-04
-6.666799075901508331e-03
-1.049451250582933426e-02
4.953080322593450546e-03
7.391477469354867935e-03
-9.975309483706951141e-03
1.095951534807682037e-03
-5.090468097478151321e-03
-1.209577545523643494e-02
-1.450995914638042450e-02
9.377111680805683136e-03
1.286221668124198914e-03
1.178738661110401154e-02
-6.192777073010802269e-04
-8.092827163636684418e-03
1.336214691400527954e-02
5.564999883063137531e-04
1.188698690384626389e-02
-1.101823989301919937e-03
-1.319604273885488510e-02
-1.326740998774766922e-02
-5.863030673936009407e-04
-7.386266719549894333e-03
1.427312847226858139e-02
9.276739321649074554e-03
8.124446496367454529e-03
-5.914024543017148972e-03
3.658520290628075600e-03
7.953191176056861877e-03
1.439966075122356415e-02
1.255793776363134384e-02
-2.595771802589297295e-04
6.059427745640277863e-03
6.595844868570566177e-03
1.013626065105199814e-02
-1.198662351816892624e-02
5.524573862203396857e-05
1.348223816603422165e-02
3.187474794685840607e-03
-7.353060413151979446e-03
-3.562597557902336121e-03
1.089211553335189819e-03
-3.845564555376768112e-03
4.279847256839275360e-03
-1.899844733998179436e-03
9.552082978188991547e-03
-6.942697800695896149e-03
-1.278892252594232559e-02
5.646804813295602798e-03
1.345863938331604004e-02
4.185854457318782806e-03
2.364773536100983620e-03
5.207903683185577393e-03
-7.591191679239273071e-03
-1.323590707033872604e-02
8.661272004246711731e-03
9.073707042261958122e-04
-4.638863261789083481e-03
-1.195916160941123962e-02
-7.462540175765752792e-03
-9.394896216690540314e-03
8.971692994236946106e-03
-1.403321791440248489e-02
5.664302967488765717e-03
-9.267617715522646904e-04
-3.186040092259645462e-03
-8.399538695812225342e-03
-9.382176212966442108e-03
-3.576913382858037949e-03
6.144740153104066849e-03
-1.730407355353236198e-03
1.159239094704389572e-02
1.115349587053060532e-02
-7.385483477264642715e-03
-1.943759998539462686e-04
1.374940667301416397e-02
5.228613503277301788e-03
-2.930459799244999886e-03
2.285288181155920029e-03
-8.138309232890605927e-03
4.424244165420532227e-03
5.068248137831687927e-03
-8.041369728744029999e-03
-1.330970600247383118e-02
3.709988668560981750e-03
1.293614134192466736e-02
5.442413967102766037e-03
4.956434480845928192e-03
1.144478563219308853e-02
3.752737771719694138e-03
1.188981067389249802e-02
-1.155391242355108261e-02
5.117220804095268250e-03
-1.307900995016098022e-03
-8.325335569679737091e-03
8.149147965013980865e-03
-1.072122249752283096e-02
3.914442844688892365e-03
-8.901558816432952881e-03
1.259693596512079239e-02
-5.972688086330890656e-03
-6.317619234323501587e-03
1.135981921106576920e-02
-1.307261758483946323e-03
-3.464527195319533348e-03
8.498176001012325287e-03
-4.627997986972332001e-03
-5.531756323762238026e-04
-9.512731805443763733e-03
8.942514657974243164e-03
2.804978052154183388e-03
6.802232470363378525e-03
-6.682946346700191498e-03
-7.733124773949384689e-03
-1.466707885265350342e-02
1.397500466555356979e-02
5.611062515527009964e-03
-9.079840034246444702e-03
-1.865897211246192455e-03
1.489975373260676861e-03
1.374360639601945877e-02
7.012385874986648560e-03
2.591873053461313248e-03
-2.034633886069059372e-03
8.908870629966259003e-03
5.998840089887380600e-03
-4.911971278488636017e-03
8.138477802276611328e-03
-1.021150313317775726e-02
-1.356223970651626587e-02
7.619908079504966736e-03
-6.379519123584032059e-03
-1.852875575423240662e-03
-9.920846670866012573e-03
-8.791321888566017151e-03
-9.144781157374382019e-03
-1.126518193632364273e-02
-3.796712728217244148e-03
-1.378472428768873215e-02
2.649175294209271669e-04
6.823409814387559891e-03
-5.440824315883219242e-04
-1.139749120920896530e-02
-1.058272202499210835e-03
-9.328123182058334351e-03
1.028510462492704391e-02
-4.648964386433362961e-03
-2.391900401562452316e-03
-2.452274085953831673e-03
-1.367499958723783493e-02
3.700282541103661060e-04
1.612401450984179974e-03
-1.025790534913539886e-02
9.206317365169525146e-03
-7.595824543386697769e-03
-1.261323969811201096e-02
1.429087249562144279e-03
-1.105702947825193405e-02
5.727024283260107040e-03
-1.155603863298892975e-02
-1.449586916714906693e-02
-6.139831617474555969e-03
-1.432096026837825775e-02
-3.395174629986286163e-03
1.245979405939579010e-02
-2.252710517495870590e-03
-1.301851496100425720e-02
8.959322236478328705e-03
-1.897547743283212185e-03
1.065854821354150772e-02
7.322876248508691788e-03
1.188343018293380737e-02
1.343852200079709291e-04
-3.074788255617022514e-04
7.017550524324178696e-03
1.264751423150300980e-03
4.034401848912239075e-03
-1.414392050355672836e-02
-1.092959102243185043e-02
1.893868611659854650e-04
-3.058291273191571236e-03
2.996770897880196571e-03
5.891950335353612900e-03
-5.314968526363372803e-03
-1.357377227395772934e-02
-1.031951699405908585e-02
1.144521869719028473e-02
-2.274841070175170898e-03
1.055745873600244522e-02
4.752230830490589142e-03
1.035998854786157608e-02
-9.198734536767005920e-03
6.630234885960817337e-03
5.992359947413206100e-03
1.081262808293104172e-02
9.139558300375938416e-03
1.051962655037641525e-02
3.674483392387628555e-03
-3.451939206570386887e-03
-6.396179553121328354e-03
-1.106749195605516434e-02
6.558198947459459305e-03
1.661068759858608246e-03
2.818770706653594971e-03
-3.858241951093077660e-03
-6.932225660420954227e-04
-3.729111049324274063e-03
9.483490139245986938e-03
-4.824688658118247986e-03
-8.976880460977554321e-03
2.239328809082508087e-03
-9.558011777698993683e-03
-7.633365225046873093e-03
-1.462045032531023026e-02
4.001862369477748871e-03
2.861929126083850861e-03
1.137544121593236923e-02
1.077958382666110992e-02
-1.071637403219938278e-02
-1.090626977384090424e-02
7.365530473180115223e-04
6.003262009471654892e-03
-1.203075330704450607e-02
-8.841480128467082977e-03
-1.108176074922084808e-02
-1.003007031977176666e-02
-1.053051650524139404e-02
5.330587737262248993e-03
-2.671144437044858932e-03
1.101536490023136139e-02
-7.199693471193313599e-03
2.919210121035575867e-03
1.320023182779550552e-02
-1.420354098081588745e-02
-5.766251124441623688e-04
-1.122891809791326523e-02
7.331946399062871933e-03
3.974657040089368820e-03
-3.315102541819214821e-03
-1.067583356052637100e-02
2.623738022521138191e-03
-8.138434961438179016e-03
8.008657954633235931e-03
1.073495298624038696e-02
1.006086356937885284e-02
9.777191095054149628e-03
7.637024857103824615e-03
-7.550270762294530869e-03
-9.878116659820079803e-03
-1.443713065236806870e-02
-3.369524609297513962e-03
-9.019854478538036346e-03
1.420405320823192596e-02
-3.310687607154250145e-03
-9.507949464023113251e-03
8.003205060958862305e-03
1.322874333709478378e-02
9.370587766170501709e-03
6.357874721288681030e-03
-4.451467655599117279e-03
-3.408931894227862358e-03
6.853955797851085663e-03
5.114275962114334106e-03
-8.797050453722476959e-03
-7.620220421813428402e-04
-1.959438668563961983e-03
1.451156567782163620e-02
3.137060266453772783e-04
-7.255030330270528793e-03
3.181166946887969971e-03
1.313541724812239408e-04
6.459696684032678604e-03
1.119796093553304672e-02
-4.328980110585689545e-03
1.140305958688259125e-02
-1.330641377717256546e-02
-4.596844315528869629e-03
8.558799512684345245e-03
4.748185165226459503e-03
-1.378754433244466782e-02
2.152534434571862221e-03
1.062968163751065731e-03
-1.343103125691413879e-02
-2.623562235385179520e-03
8.831248618662357330e-03
5.233832634985446930e-03
3.280452452600002289e-03
1.729293959215283394e-03
1.416155323386192322e-02
-1.186331966891884804e-03
1.842914847657084465e-03
-1.191331446170806885e-02
-5.529173184186220169e-03
-1.204325165599584579e-02
4.331170115619897842e-03
3.448068862780928612e-03
1.402192283421754837e-03
2.674263203516602516e-03
-1.383265573531389236e-02
5.340731237083673477e-03
8.106563240289688110e-03
2.197282155975699425e-03
-2.386624924838542938e-03
-1.467380300164222717e-02
-1.349146105349063873e-02
-8.176757022738456726e-03
-7.735089864581823349e-03
-2.994986716657876968e-03
1.127513870596885681e-02
1.349896099418401718e-02
4.407596308737993240e-03
6.530715618282556534e-03
-1.001918036490678787e-02
1.121860742568969727e-02
1.458017900586128235e-02
5.009363521821796894e-04
-2.918906277045607567e-03
7.944001816213130951e-03
3.855040529742836952e-03
7.560319500043988228e-04
-6.459777359850704670e-04
-3.498576581478118896e-03
6.796734407544136047e-03
-1.209852471947669983e-02
6.152291316539049149e-03
-1.432113535702228546e-02
1.280888170003890991e-02
3.693024627864360809e-03
-1.223583240061998367e-02
-5.519709549844264984e-03
5.427408032119274139e-04
-1.003894023597240448e-02
