-6.522312760353088379e-03
-1.313912589102983475e-02
-6.846546661108732224e-03
-1.405579503625631332e-02
-6.215265952050685883e-03
1.069009187631309032e-03
-8.463843725621700287e-03
-1.412215363234281540e-02
-1.056512631475925446e-02
-1.171833742409944534e-02
-6.246366538107395172e-03
4.448828112799674273e-04
-8.613607846200466156e-03
7.906723767518997192e-03
-6.775938440114259720e-03
-1.448771916329860687e-02
-1.344452332705259323e-02
-7.086314726620912552e-03
-1.016507018357515335e-02
-2.916298399213701487e-04
9.721372276544570923e-03
1.437429711222648621e-02
1.132388506084680557e-02
2.615456003695726395e-03
-1.372080482542514801e-02
-9.041040204465389252e-03
-8.993416093289852142e-03
6.277615204453468323e-03
2.124840393662452698e-03
1.608393940841779113e-04
8.608787320554256439e-03
-6.696999073028564453e-03
6.221940740942955017e-03
5.814712494611740112e-03
-4.649803508073091507e-03
-3.362252609804272652e-03
1.967611489817500114e-03
3.766627050936222076e-03
-1.332338619977235794e-02
-7.002772763371467590e-03
1.700080902082845569e-04
-5.811154842376708984e-04
2.021397958742454648e-04
-1.167714968323707581e-02
1.096918620169162750e-02
-1.148524461314082146e-03
1.148211676627397537e-02
-7.799348328262567520e-03
1.444445177912712097e-02
3.940495196729898453e-03
-1.416329061612486839e-03
-4.552646540105342865e-03
5.672577768564224243e-03
-2.045490080490708351e-03
1.396483462303876877e-02
-5.548128392547369003e-03
-7.323513738811016083e-03
1.237514335662126541e-02
-2.239281311631202698e-03
-2.429958985885605216e-04
-1.356432400643825531e-02
-9.018694981932640076e-03
-2.519763307645916939e-03
9.237043559551239014e-03
1.254484057426452637e-02
5.880726967006921768e-03
-2.979457378387451172e-03
-4.708472173660993576e-03
3.638886846601963043e-03
2.541886875405907631e-03
-2.453805413097143173e-03
-1.151189580559730530e-02
-1.604416407644748688e-03
3.557329298928380013e-03
-1.321587804704904556e-02
1.423392724245786667e-02
-6.954359821975231171e-03
-9.926743805408477783e-03
5.332301836460828781e-03
-8.865247480571269989e-03
1.560913864523172379e-03
8.056297898292541504e-03
3.533257986418902874e-04
4.458556883037090302e-03
1.257448736578226089e-02
-1.426223758608102798e-02
-9.626103565096855164e-03
7.815534248948097229e-03
1.241695368662476540e-03
1.159691996872425079e-02
9.602023288607597351e-03
-1.290712505578994751e-02
-1.785124535672366619e-03
-8.286030031740665436e-03
-1.289587281644344330e-02
1.373520493507385254e-02
9.970056824386119843e-03
-4.475071560591459274e-03
-4.580691456794738770e-03
-9.785291738808155060e-03
1.047033074428327382e-04
4.189453087747097015e-03
6.407455541193485260e-03
-4.701825324445962906e-03
-1.243064552545547485e-02
2.755106193944811821e-03
1.035851333290338516e-02
-7.188655901700258255e-03
1.015898678451776505e-02
-1.383127551525831223e-02
1.308312453329563141e-02
8.856886066496372223e-03
1.161383651196956635e-02
1.037316676229238510e-02
-4.957523196935653687e-03
-8.104591630399227142e-03
-1.137756276875734329e-02
6.943129468709230423e-03
-5.464064888656139374e-03
-1.261679269373416901e-02
-3.862126497551798820e-03
-2.278068801388144493e-03
-8.955980651080608368e-03
-3.625406883656978607e-03
1.781211933121085167e-03
-6.647079717367887497e-03
-1.408018171787261963e-02
5.452291807159781456e-04
6.339892279356718063e-03
-9.975807915907353163e-05
-9.881760925054550171e-03
-1.410959847271442413e-02
1.288285292685031891e-02
3.949869424104690552e-03
1.035439036786556244e-02
1.073541492223739624e-02
-8.296521380543708801e-03
-9.713483974337577820e-03
4.503032658249139786e-03
-5.797351710498332977e-03
-2.187899081036448479e-03
-1.728591509163379669e-03
-4.645849112421274185e-03
-9.572626091539859772e-03
-9.824345819652080536e-03
-1.618054346181452274e-03
-5.132189951837062836e-03
1.202763617038726807e-02
-6.322857923805713654e-03
8.440361358225345612e-03
-1.182049792259931564e-02
-8.235122077167034149e-03
5.575803108513355255e-03
-8.985897526144981384e-03
-6.761859636753797531e-03
4.762822063639760017e-04
4.085122141987085342e-03
3.549956949427723885e-03
1.472634263336658478e-02
4.153961781412363052e-03
1.147648878395557404e-02
-8.514511398971080780e-03
2.833732869476079941e-03
-5.050985608249902725e-03
-3.216067852918058634e-04
-2.290556440129876137e-03
-4.357148427516222000e-03
-6.807032041251659393e-04
5.251860711723566055e-03
2.133554313331842422e-03
-1.116049103438854218e-02
-2.586216665804386139e-03
1.382278464734554291e-02
-3.040233161300420761e-03
1.338101830333471298e-02
1.342528127133846283e-02
-1.144932303577661514e-02
-4.301091190427541733e-03
-9.415874257683753967e-03
6.993598770350217819e-03
1.382400840520858765e-02
-9.190585464239120483e-03
6.085367407649755478e-03
-5.029882304370403290e-03
-9.437246248126029968e-03
-3.739558160305023193e-03
-3.751664888113737106e-03
8.863627910614013672e-03
-7.599816191941499710e-03
-7.841371931135654449e-03
5.117523251101374626e-04
6.670221686363220215e-03
1.307875383645296097e-02
-5.336897447705268860e-04
3.499797079712152481e-03
1.308475807309150696e-02
-4.730384796857833862e-03
1.276061870157718658e-02
1.349628157913684845e-02
-4.537664819508790970e-03
-6.958525627851486206e-03
-8.025960996747016907e-03
-6.765614263713359833e-03
6.294070044532418251e-04
7.076157489791512489e-04
8.838241919875144958e-03
1.206591725349426270e-02
-1.080732326954603195e-02
-4.047131631523370743e-03
1.257575582712888718e-02
-1.645676384214311838e-04
-8.341066539287567139e-03
-1.296711037866771221e-03
7.402906194329261780e-03
4.973814357072114944e-03
9.788327850401401520e-03
-2.896470250561833382e-03
-6.554911378771066666e-03
-1.417551282793283463e-02
6.918036378920078278e-03
8.134371601045131683e-03
-7.616982329636812210e-03
-1.135819312185049057e-02
6.247171200811862946e-03
-8.292700164020061493e-03
-1.120184082537889481e-02
-1.114216540008783340e-02
6.269526202231645584e-03
1.034236419945955276e-02
8.195134811103343964e-03
5.311644636094570160e-04
8.807479403913021088e-03
-7.659218739718198776e-03
1.206665020436048508e-02
-4.469585604965686798e-03
3.028702456504106522e-03
1.416084077209234238e-02
5.000774748623371124e-03
-5.558092612773180008e-03
-3.089311299845576286e-03
-8.171071298420429230e-03
-1.110306754708290100e-02
-1.319276075810194016e-02
-5.665453150868415833e-03
1.218526996672153473e-02
4.108002409338951111e-03
-1.015849504619836807e-02
-4.598677915055304766e-04
1.128062140196561813e-03
5.755322519689798355e-03
1.066705095581710339e-03
-4.999734926968812943e-03
9.088101796805858612e-03
1.113829668611288071e-02
2.060648985207080841e-03
1.258036680519580841e-02
4.588139243423938751e-03
-7.429432123899459839e-03
-1.164622139185667038e-02
-9.561302140355110168e-03
2.593185054138302803e-03
-5.855426570633426309e-05
5.130971316248178482e-03
9.588497690856456757e-03
1.381810382008552551e-02
3.977679007221013308e-04
1.292062085121870041e-02
-3.140519838780164719e-04
-9.687025099992752075e-03
1.137724984437227249e-02
7.221068721264600754e-03
1.419899892061948776e-02
3.760654479265213013e-03
1.391053013503551483e-02
-1.048288657329976559e-03
-2.433471236145123839e-04
1.319023407995700836e-02
8.838432841002941132e-03
6.438923534005880356e-03
4.850529599934816360e-03
-5.210493691265583038e-03
-1.108307391405105591e-02
-3.289489541202783585e-03
9.246158297173678875e-04
-4.268950782716274261e-03
4.955134936608374119e-04
1.302252244204282761e-02
1.395456492900848389e-02
2.630534116178750992e-03
-7.350517436861991882e-03
-5.015260539948940277e-03
9.634588845074176788e-03
-9.115253575146198273e-03
-2.451441483572125435e-03
7.321938406676054001e-03
-6.475791335105895996e-03
-1.885419944301247597e-03
6.402007769793272018e-03
-4.716760944575071335e-03
-1.339351199567317963e-02
-5.646348465234041214e-03
1.200346834957599640e-02
-1.308790687471628189e-02
3.758431179448962212e-03
1.264592446386814117e-02
1.440427172929048538e-02
-6.957626435905694962e-03
-4.986734129488468170e-03
-7.714060600847005844e-03
3.796623321250081062e-03
4.062715452164411545e-03
-9.523824788630008698e-03
-6.852617487311363220e-03
-9.638733230531215668e-03
2.889465074986219406e-03
9.342390112578868866e-03
5.307768471539020538e-03
1.094657275825738907e-02
1.026737410575151443e-02
1.464975997805595398e-02
-1.471817307174205780e-02
-9.884120663627982140e-04
-6.733335088938474655e-03
9.505506604909896851e-03
1.236464176326990128e-02
-5.970621015876531601e-03
3.615321475081145763e-04
-1.395250670611858368e-02
-5.247686640359461308e-04
-1.232356671243906021e-02
-2.339295810088515282e-03
-9.122106130234897137e-04
1.012843567878007889e-02
8.582810871303081512e-03
2.662969520315527916e-03
1.573640329297631979e-04
2.151083899661898613e-03
-1.062705088406801224e-02
-6.475513800978660583e-03
-1.035755686461925507e-02
-1.271135639399290085e-02
-1.341310422867536545e-02
-4.696771036833524704e-03
2.562809269875288010e-03
-3.268172033131122589e-03
1.099622156471014023e-02
-8.802274242043495178e-03
1.426025666296482086e-02
-2.769643208011984825e-03
3.704462200403213501e-03
1.388895791023969650e-02
5.021224729716777802e-03
-1.129636541008949280e-02
1.009165868163108826e-02
9.629518608562648296e-04
-8.836209890432655811e-04
3.877190407365560532e-03
1.389502547681331635e-03
1.105986721813678741e-02
2.350456081330776215e-03
6.618159823119640350e-03
-9.371303021907806396e-03
1.385296636726707220e-04
1.104550715535879135e-02
-2.433759160339832306e-03
-4.311657510697841644e-03
-5.936443340033292770e-03
1.270321849733591080e-02
6.359899882227182388e-03
-3.416323568671941757e-03
5.424152128398418427e-03
-6.711225491017103195e-03
2.075486409012228251e-04
4.835820756852626801e-03
-1.382726244628429413e-02
1.173280645161867142e-02
-3.857614938169717789e-03
1.362046692520380020e-02
-9.067567996680736542e-03
-8.454113267362117767e-03
7.345254532992839813e-03
8.587216958403587341e-03
-1.015830412507057190e-02
-1.093433238565921783e-02
-1.219554711133241653e-02
5.550337955355644226e-03
1.358470693230628967e-02
-8.121191523969173431e-03
-2.193114720284938812e-03
7.965141907334327698e-03
1.186762843281030655e-02
-2.633154159411787987e-03
-5.308706313371658325e-03
6.417697295546531677e-03
1.018261909484863281e-02
-6.207948084920644760e-03
-1.251939311623573303e-02
-9.295787662267684937e-03
-1.198667753487825394e-02
4.961455240845680237e-03
9.906862862408161163e-03
-1.123434118926525116e-02
1.128078158944845200e-02
8.562708273530006409e-03
6.385928951203823090e-03
-1.196622755378484726e-02
8.184535428881645203e-03
-6.350218318402767181e-03
1.143254712224006653e-02
-1.248165965080261230e-02
1.028352417051792145e-02
4.550616256892681122e-03
-1.185551006346940994e-02
6.712043657898902893e-03
9.312626905739307404e-03
7.509377785027027130e-03
-2.411611145362257957e-03
-2.967752807307988405e-04
-1.946462667547166348e-03
9.046243503689765930e-03
1.037810463458299637e-02
1.257639285176992416e-02
-9.071432985365390778e-03
-1.869300496764481068e-03
6.780042313039302826e-03
-5.885226186364889145e-03
1.428100466728210449e-02
-1.489336136728525162e-03
1.234218850731849670e-02
-8.323134854435920715e-03
7.406845223158597946e-03
2.841068198904395103e-03
6.393701303750276566e-03
-1.355546247214078903e-02
-8.096882142126560211e-03
1.132613886147737503e-02
-1.403492689132690430e-02
3.284050850197672844e-03
-1.454457733780145645e-02
-4.314727615565061569e-03
-3.058389527723193169e-03
6.154635921120643616e-03
-3.835696959868073463e-03
1.057700626552104950e-02
3.807946806773543358e-03
1.404588017612695694e-02
2.435128903016448021e-03
7.669091690331697464e-03
1.172379963099956512e-02
-9.999724105000495911e-03
-1.404713746160268784e-02
-2.057909499853849411e-03
-4.263438284397125244e-03
2.423308556899428368e-03
-1.144556514918804169e-02
1.257128641009330750e-02
-1.063603255897760391e-02
1.455527916550636292e-02
1.040028128772974014e-02
-4.852981306612491608e-03
1.469038799405097961e-02
-1.035413704812526703e-02
-6.109139882028102875e-03
1.025281473994255066e-02
1.159092783927917480e-02
1.077958662062883377e-02
-6.207997445017099380e-03
1.465747784823179245e-02
1.154034119099378586e-02
-1.208665873855352402e-02
-8.193125948309898376e-03
9.223253466188907623e-03
1.187001541256904602e-02
6.824777927249670029e-03
1.010932214558124542e-02
-6.903655361384153366e-03
9.855588898062705994e-03
-1.238353643566370010e-02
-1.074243802577257156e-02
1.891485648229718208e-03
-4.377269651740789413e-03
1.005393080413341522e-02
-8.294863626360893250e-03
-8.401886560022830963e-03
-1.318856514990329742e-02
1.981100300326943398e-03
6.188714876770973206e-03
5.644323304295539856e-03
5.956152454018592834e-03
-1.199817564338445663e-02
-1.048942003399133682e-02
-7.533454336225986481e-03
-1.035601273179054260e-02
-1.066281925886869431e-02
-1.141180749982595444e-02
-8.146204054355621338e-03
1.182048395276069641e-02
-4.663894884288311005e-03
3.225296270102262497e-03
-7.801655679941177368e-03
-8.160147815942764282e-03
-6.350232288241386414e-03
1.454123016446828842e-02
1.056454144418239594e-02
9.617164731025695801e-03
5.824471358209848404e-03
2.255130326375365257e-03
1.321905385702848434e-02
8.581351488828659058e-03
-5.346959922462701797e-03
-1.081732218153774738e-03
9.329110383987426758e-03
