7.708132266998291016e-03
-8.857419714331626892e-03
1.323918550042435527e-04
1.670566201210021973e-02
-5.227392073720693588e-03
-8.187900297343730927e-03
1.830390654504299164e-02
1.102970540523529053e-02
-1.769359223544597626e-02
5.593262612819671631e-03
-2.380549907684326172e-03
-7.732885889708995819e-03
2.934257267042994499e-03
-1.045868825167417526e-02
1.094662398099899292e-02
-7.140959613025188446e-03
-4.788585007190704346e-03
-2.288396208314225078e-04
1.719024404883384705e-02
1.076805125921964645e-02
1.944002322852611542e-02
-1.443001441657543182e-02
8.330116979777812958e-03
-1.436029933393001556e-02
-8.453558199107646942e-03
-2.613122342154383659e-03
-1.309500634670257568e-02
1.597443968057632446e-02
5.210980772972106934e-03
1.549605093896389008e-02
-1.418401300907135010e-02
-5.791828036308288574e-03
6.821784190833568573e-03
-1.871660910546779633e-02
-5.869095912203192711e-04
-7.023086305707693100e-03
2.782240509986877441e-03
4.865723662078380585e-03
-2.031800895929336548e-02
-1.126016210764646530e-02
1.230591349303722382e-02
-1.627115532755851746e-02
1.604416966438293457e-02
6.878535263240337372e-03
1.317959092557430267e-02
-5.685615353286266327e-03
2.227865159511566162e-03
-5.467435112223029137e-04
-1.932719163596630096e-02
1.980791985988616943e-02
1.264546066522598267e-02
1.362930238246917725e-02
1.283208280801773071e-02
1.546129118651151657e-02
1.712592691183090210e-02
-1.692942343652248383e-02
-1.509962230920791626e-02
-1.804467290639877319e-02
7.174315862357616425e-03
-1.479964517056941986e-02
1.853998005390167236e-02
1.212859712541103363e-02
4.816475324332714081e-03
-2.916976809501647949e-04
9.413605555891990662e-03
-1.794665865600109100e-02
-1.124223112128674984e-03
1.537581812590360641e-02
3.637894988059997559e-03
1.791035756468772888e-02
-5.221965722739696503e-03
1.455055736005306244e-02
1.403346192091703415e-02
-1.067944616079330444e-02
1.459998916834592819e-02
6.965994834899902344e-03
-1.849836856126785278e-02
1.658976823091506958e-02
-5.508658941835165024e-03
1.856824383139610291e-02
-6.928133778274059296e-03
1.662487909197807312e-02
1.106508355587720871e-02
1.393826305866241455e-02
-4.207914229482412338e-03
-3.200853941962122917e-03
1.238957326859235764e-02
-1.269628701265901327e-04
-8.310402743518352509e-03
2.583305118605494499e-03
1.316267810761928558e-02
-1.028103171847760677e-03
-1.819646917283535004e-02
1.121602486819028854e-02
2.489387989044189453e-03
6.815823726356029510e-03
7.317896001040935516e-03
-1.499146781861782074e-02
1.115705631673336029e-02
5.832429043948650360e-03
1.694362238049507141e-02
-2.077597193419933319e-02
1.578424684703350067e-02
1.495743542909622192e-02
-5.975700914859771729e-03
-6.371667142957448959e-03
1.110927760601043701e-02
6.915075238794088364e-03
1.143541466444730759e-02
-1.866908743977546692e-02
1.211370108649134636e-03
-1.230476051568984985e-02
1.225934736430644989e-02
-1.237919926643371582e-02
8.671455085277557373e-03
-1.133721880614757538e-02
2.203906624345108867e-04
-1.732811331748962402e-03
-1.069155614823102951e-02
-5.567009560763835907e-03
1.805294863879680634e-02
-1.665889285504817963e-02
1.443173736333847046e-02
1.654009148478507996e-02
-1.784403249621391296e-02
1.769695803523063660e-02
1.502596400678157806e-02
9.237607941031455994e-03
-8.789941668510437012e-03
1.890574768185615540e-02
-1.802119426429271698e-02
1.265457086265087128e-02
5.586944520473480225e-03
1.833855360746383667e-02
1.498932688264176250e-04
4.208204802125692368e-03
-4.318004008382558823e-03
9.337067604064941406e-03
1.639626920223236084e-03
-1.437443774193525314e-02
1.873763464391231537e-02
7.187332026660442352e-03
-6.262305192649364471e-03
-1.658998057246208191e-02
1.403644960373640060e-02
-8.917535655200481415e-03
1.671574078500270844e-02
1.027512084692716599e-02
-5.780692212283611298e-03
-1.693942025303840637e-02
-3.037745831534266472e-03
6.955395452678203583e-03
-3.612190485000610352e-04
-1.201108843088150024e-02
-1.448628585785627365e-02
-3.451662836596369743e-03
-1.526211737655103207e-03
-2.826407551765441895e-03
7.730352692306041718e-03
1.093620061874389648e-02
-1.562527939677238464e-02
-6.022741552442312241e-03
1.016323082149028778e-02
1.052408199757337570e-02
-1.039801537990570068e-02
1.639590226113796234e-02
8.823677897453308105e-03
9.895667433738708496e-03
-1.556172035634517670e-02
1.458985358476638794e-02
-4.628795199096202850e-03
-1.558468025177717209e-02
-5.455620586872100830e-03
-1.499573141336441040e-02
5.248678382486104965e-03
-8.474824950098991394e-03
5.220505408942699432e-03
1.222558878362178802e-02
-1.692210882902145386e-02
-1.372148653899785131e-05
2.140179276466369629e-04
-1.384769659489393234e-02
7.867137901484966278e-03
-3.467743750661611557e-03
1.359228324145078659e-02
-8.336311206221580505e-03
8.700095117092132568e-03
1.703622750937938690e-02
1.168750040233135223e-02
-1.952282898128032684e-02
1.544119417667388916e-02
1.607711164979264140e-04
-1.169079076498746872e-02
1.626963540911674500e-02
2.292273100465536118e-03
1.805086061358451843e-02
-7.308749016374349594e-03
8.147234912030398846e-04
5.464698188006877899e-03
-4.106104373931884766e-03
-6.919418927282094955e-03
1.969600841403007507e-02
-2.267052885144948959e-03
3.453555284067988396e-03
-1.038790773600339890e-02
-1.126257330179214478e-02
2.039894834160804749e-02
1.178349833935499191e-02
6.733085028827190399e-03
-1.263403147459030151e-02
9.143139235675334930e-03
-8.696447126567363739e-03
6.499176379293203354e-03
1.800381019711494446e-02
-5.635358393192291260e-03
-1.550480723381042480e-02
-8.957831189036369324e-03
-3.392616985365748405e-03
7.612340152263641357e-03
8.473722264170646667e-03
1.804083585739135742e-02
-1.224204152822494507e-02
-6.875589489936828613e-03
-1.438437215983867645e-02
-3.301652846857905388e-03
5.470137111842632294e-03
3.600209951400756836e-03
-1.340907625854015350e-02
-9.235369972884654999e-03
1.164891850203275681e-02
-6.237141788005828857e-03
8.557935943827033043e-04
7.245376706123352051e-03
1.863537542521953583e-02
-1.203737407922744751e-02
-2.159394323825836182e-03
-5.918632261455059052e-03
4.607397131621837616e-03
8.959991857409477234e-03
-1.766540110111236572e-03
1.857594773173332214e-02
-1.919269561767578125e-02
-1.490409672260284424e-02
-4.436825867742300034e-03
1.450289040803909302e-02
-1.030424050986766815e-02
-1.003225427120923996e-02
2.783355768769979477e-03
8.712440729141235352e-03
-1.546639483422040939e-02
-1.433855853974819183e-02
4.355366341769695282e-03
-2.015072107315063477e-02
8.029515738599002361e-04
-1.029326021671295166e-02
-1.131653320044279099e-02
