9.137331508100032806e-04
-1.276667043566703796e-02
-1.057098433375358582e-02
2.720829099416732788e-02
2.405373752117156982e-02
2.356011234223842621e-02
-8.885043673217296600e-03
2.679170481860637665e-02
6.684841355308890343e-05
-1.192971132695674896e-02
-2.088515087962150574e-02
3.498543286696076393e-03
-1.643459126353263855e-02
-1.100750267505645752e-02
9.779435582458972931e-03
-2.184429392218589783e-02
9.521268308162689209e-03
-2.702778019011020660e-02
-1.064778305590152740e-02
-9.835630655288696289e-03
-9.725732728838920593e-03
1.308186911046504974e-02
9.236576966941356659e-03
2.595511078834533691e-02
1.601735129952430725e-02
2.393591217696666718e-02
-2.234622836112976074e-02
2.012281306087970734e-02
6.385683082044124603e-03
2.742399275302886963e-02
5.147275049239397049e-03
-2.713741175830364227e-02
-6.403539329767227173e-03
-1.323613338172435760e-02
2.681631222367286682e-02
-1.022859383374452591e-02
-2.625040896236896515e-02
-2.049247920513153076e-02
-1.109532639384269714e-02
-1.347965840250253677e-02
-8.854210376739501953e-03
-1.648739096708595753e-03
-1.128107495605945587e-02
-1.793478382751345634e-03
-2.878900989890098572e-02
2.754483744502067566e-02
-1.672612130641937256e-02
1.038715429604053497e-02
6.834139581769704819e-03
2.553671598434448242e-02
1.376384682953357697e-02
7.035928312689065933e-03
2.303309738636016846e-02
2.371546253561973572e-02
-1.165330875664949417e-02
-1.339816022664308548e-02
2.621620707213878632e-02
2.163839526474475861e-02
2.548005990684032440e-02
-1.526552159339189529e-02
-2.631436102092266083e-02
-1.804687641561031342e-02
8.083993569016456604e-03
-1.759674213826656342e-02
1.801122725009918213e-02
1.900091208517551422e-02
-2.786836028099060059e-02
-1.586313918232917786e-02
-2.852510288357734680e-02
2.231487445533275604e-02
6.763768382370471954e-03
-4.148134961724281311e-03
-3.266647690907120705e-03
1.192372292280197144e-02
1.357409491902217269e-04
4.040832631289958954e-03
7.157346233725547791e-03
-2.318198978900909424e-02
6.408709450624883175e-04
-9.720166213810443878e-03
-6.430720444768667221e-03
9.430796839296817780e-03
-2.665567211806774139e-02
2.032342134043574333e-03
-2.426070533692836761e-02
-2.666453458368778229e-02
-5.021263379603624344e-03
2.655279589816927910e-03
3.373623359948396683e-03
-1.556580048054456711e-02
-1.443903986364603043e-02
1.100493222475051880e-02
2.028995379805564880e-02
-1.984080858528614044e-02
2.118653617799282074e-02
-9.394775144755840302e-03
-1.284260116517543793e-02
1.845523715019226074e-02
-1.659892871975898743e-02
-1.478415261954069138e-02
2.230321615934371948e-02
2.118005231022834778e-02
2.097899094223976135e-02
1.125295925885438919e-02
1.142095308750867844e-02
-1.562856510281562805e-02
1.231616269797086716e-02
8.798748254776000977e-03
1.009778771549463272e-02
2.597005851566791534e-02
-1.642336323857307434e-02
2.737418562173843384e-02
-1.149151357822120190e-03
-8.718233555555343628e-03
-9.146835654973983765e-03
-2.166946232318878174e-02
2.261049859225749969e-02
1.217025052756071091e-02
2.045048028230667114e-02
-1.345157809555530548e-02
-1.844717748463153839e-02
-7.309598149731755257e-04
-2.118142507970333099e-02
-3.399729961529374123e-03
-1.743401959538459778e-02
-2.892377786338329315e-02
-1.111035142093896866e-02
-1.879276707768440247e-02
