-1.810485869646072388e-01 -1.097383424639701843e-01 -1.959106884896755219e-02 -1.520635485649108887e-01 2.511124126613140106e-02 8.227229863405227661e-02 1.564267724752426147e-01 -1.543225944042205811e-01 7.597855478525161743e-02
1.847852021455764771e-01 1.487105637788772583e-01 -1.682364195585250854e-01 1.168204396963119507e-01 1.524797230958938599e-01 1.922390796244144440e-02 1.772671192884445190e-01 3.786204010248184204e-02 -5.760890617966651917e-02
6.739614903926849365e-02 1.684847027063369751e-01 -1.864658892154693604e-01 1.112246289849281311e-01 -1.924423575401306152e-01 1.802604794502258301e-01 5.470765754580497742e-02 9.776829928159713745e-02 1.477086395025253296e-01
-1.310839504003524780e-01 -3.458436345681548119e-03 6.919809430837631226e-02 5.340995267033576965e-02 -1.759924590587615967e-01 -5.947056785225868225e-02 -9.095874428749084473e-02 1.456896513700485229e-01 -9.015699476003646851e-02
-6.747958809137344360e-02 1.414441466331481934e-01 -4.454486072063446045e-02 4.110971000045537949e-03 -1.657087206840515137e-01 5.241216719150543213e-02 1.664505600929260254e-01 2.371224761009216309e-02 1.424549669027328491e-01
1.389798242598772049e-02 1.910026669502258301e-01 -1.494613140821456909e-01 8.704326301813125610e-02 1.595128327608108521e-01 -3.720496222376823425e-02 1.723125278949737549e-01 9.997048228979110718e-02 -7.767395675182342529e-02
1.435766965150833130e-01 -1.835642307996749878e-01 8.919006586074829102e-02 -2.387265861034393311e-02 3.867450356483459473e-02 9.004967659711837769e-02 1.625030487775802612e-01 -1.212031543254852295e-01 -1.698553115129470825e-01
-4.658218845725059509e-02 1.827647536993026733e-01 1.654659509658813477e-01 -1.518951356410980225e-01 -9.365590661764144897e-02 -1.495901495218276978e-01 -8.516921103000640869e-02 -1.814622879028320312e-01 7.062078267335891724e-02
9.827907383441925049e-02 1.070031672716140747e-01 3.623892739415168762e-02 1.259495466947555542e-01 3.404720127582550049e-02 8.333203196525573730e-02 -1.834025606513023376e-02 -9.645666577853262424e-04 -3.697297722101211548e-02
-2.993857115507125854e-02 1.167687475681304932e-01 -1.107515618205070496e-01 3.463694453239440918e-02 -1.602917760610580444e-01 -1.505423784255981445e-01 6.384215503931045532e-02 -2.661806158721446991e-02 1.332536786794662476e-01
-3.411348164081573486e-02 4.082174599170684814e-02 1.563440710306167603e-01 -6.149803102016448975e-02 -1.630626767873764038e-01 1.908864676952362061e-01 -8.811976015567779541e-02 7.552634179592132568e-02 -7.141204923391342163e-02
-1.294165700674057007e-01 1.359205245971679688e-01 -9.777346253395080566e-02 -1.386167705059051514e-01 3.200122714042663574e-02 -5.942028015851974487e-03 1.212075874209403992e-01 3.533327579498291016e-02 3.448211029171943665e-02
-7.303304737433791161e-04 1.573761925101280212e-02 8.110243082046508789e-02 8.482189476490020752e-02 -2.324845641851425171e-02 -1.564803570508956909e-01 9.593217074871063232e-02 -4.467363283038139343e-02 -1.064155325293540955e-01
-9.190452098846435547e-02 1.649177223443984985e-01 2.511245757341384888e-02 1.276358366012573242e-01 -1.475821435451507568e-01 5.450684949755668640e-02 -1.524504721164703369e-01 -6.666276603937149048e-02 9.282272309064865112e-02
-1.162532493472099304e-01 -1.358137875795364380e-01 -1.026900112628936768e-01 -3.186357393860816956e-02 1.523374617099761963e-01 1.256959438323974609e-01 1.366977989673614502e-01 -5.074528045952320099e-03 -1.887614578008651733e-01
-4.525186028331518173e-03 -1.309102587401866913e-02 5.709207430481910706e-02 -8.598277717828750610e-02 -1.322820037603378296e-01 -8.328426629304885864e-02 1.286617070436477661e-01 -3.624957427382469177e-02 -1.361182890832424164e-02
-6.760069727897644043e-02 2.612256444990634918e-02 -1.818120032548904419e-01 9.299914538860321045e-02 4.168860241770744324e-02 4.902413859963417053e-02 2.238607220351696014e-02 9.495131671428680420e-02 1.239921972155570984e-01
-1.070069074630737305e-01 -5.760023370385169983e-02 6.900193542242050171e-02 1.519654840230941772e-01 1.432758420705795288e-01 -1.438703387975692749e-02 8.721867576241493225e-03 2.158459974452853203e-03 -1.358591616153717041e-01
7.919359952211380005e-02 1.834345161914825439e-01 1.602792739868164062e-01 -1.221122965216636658e-01 -1.688978672027587891e-01 -1.461378633975982666e-01 7.827030122280120850e-02 -1.125784665346145630e-01 3.286535292863845825e-02
-1.388866752386093140e-01 -8.466928452253341675e-02 -1.405658572912216187e-01 5.564290564507246017e-03 -8.866132795810699463e-02 1.605190038681030273e-01 1.129256486892700195e-01 1.206413134932518005e-01 6.609839946031570435e-02
1.665790826082229614e-01 -7.265327125787734985e-02 2.625415846705436707e-02 -4.979087784886360168e-02 1.371665019541978836e-02 -1.458651721477508545e-01 1.113695278763771057e-01 8.477403968572616577e-02 -1.492879539728164673e-01
-5.637520924210548401e-02 1.805996447801589966e-01 -8.335983753204345703e-02 -1.621812283992767334e-01 -1.212204545736312866e-01 9.824841981753706932e-04 -4.168077930808067322e-02 -1.668961197137832642e-01 -1.698612123727798462e-01
1.226202696561813354e-01 6.415545195341110229e-02 -1.284970063716173172e-02 1.004044264554977417e-01 -2.817790023982524872e-02 -8.285075426101684570e-02 5.059955641627311707e-02 9.386093169450759888e-02 -1.169742196798324585e-01
6.729183346033096313e-02 -1.605034172534942627e-01 1.398928165435791016e-01 -1.181299835443496704e-01 9.791629761457443237e-02 -1.322528570890426636e-01 1.238140091300010681e-01 -9.513170272111892700e-02 -9.137330204248428345e-02
7.231701165437698364e-02 -9.367242455482482910e-02 -7.081824354827404022e-03 -6.953816115856170654e-02 5.717193335294723511e-02 -1.178744360804557800e-01 1.151378378272056580e-01 6.415668874979019165e-02 -6.670110160484910011e-04
-8.535194396972656250e-02 -1.302159726619720459e-01 1.697086691856384277e-01 1.759993284940719604e-01 -1.686133146286010742e-01 -5.022062361240386963e-02 6.588483229279518127e-03 1.292432397603988647e-01 -1.876426041126251221e-01
4.043326899409294128e-02 -4.196257144212722778e-02 1.664170026779174805e-01 8.251798897981643677e-02 -9.499079734086990356e-02 1.842333376407623291e-01 6.004140526056289673e-02 -2.946023456752300262e-02 -1.614753454923629761e-01
1.365734934806823730e-01 5.544932186603546143e-02 9.747450053691864014e-02 -1.589970588684082031e-01 1.448251772671937943e-02 1.371716409921646118e-01 -8.426491171121597290e-03 -1.287766396999359131e-01 -1.143876388669013977e-01
-1.261738687753677368e-01 2.956858836114406586e-02 -6.600380688905715942e-02 7.238531112670898438e-02 -1.082822903990745544e-01 -1.769108772277832031e-01 -6.298837810754776001e-02 1.790138185024261475e-01 1.593971438705921173e-02
3.078480437397956848e-02 -2.441653981804847717e-02 -1.768096238374710083e-01 1.518415957689285278e-01 1.796485483646392822e-01 7.807474583387374878e-03 -2.683713333681225777e-03 1.053170114755630493e-01 -3.722026571631431580e-02
7.259846478700637817e-02 -1.785202175378799438e-01 4.142626002430915833e-02 -1.898788809776306152e-01 -3.777295723557472229e-02 1.588349342346191406e-01 -1.566883772611618042e-01 -1.793707460165023804e-01 -1.091774106025695801e-01
-9.494587779045104980e-02 1.490645557641983032e-01 -3.537679836153984070e-02 1.893876791000366211e-01 1.598069816827774048e-01 4.165870603173971176e-03 4.450000822544097900e-02 -1.471869498491287231e-01 -1.806412637233734131e-01
-1.414985805749893188e-01 1.438079029321670532e-01 1.264540553092956543e-01 1.678783297538757324e-01 -1.650531738996505737e-01 -1.872269622981548309e-02 -6.330635398626327515e-02 1.452240347862243652e-01 7.889477908611297607e-02
2.701679058372974396e-02 -1.434992998838424683e-01 -2.095757611095905304e-02 -6.830769777297973633e-02 3.215319290757179260e-02 9.812522679567337036e-02 7.646118104457855225e-02 8.620639145374298096e-02 -5.595528334379196167e-02
-1.208468247205018997e-02 1.700768619775772095e-01 6.186874583363533020e-02 5.482909083366394043e-02 3.366427868604660034e-02 1.368704289197921753e-01 3.864582628011703491e-02 7.683471590280532837e-02 6.990690529346466064e-02
1.864344626665115356e-01 7.431320380419492722e-03 -1.466803401708602905e-01 -1.714669615030288696e-01 -8.910848945379257202e-02 4.771367833018302917e-02 1.812990456819534302e-01 8.346571028232574463e-02 -2.861631847918033600e-02
-7.918749749660491943e-02 -1.598562747240066528e-01 1.768318563699722290e-01 8.177948743104934692e-02 6.299594789743423462e-02 -4.290905967354774475e-02 1.168958917260169983e-01 1.417497098445892334e-01 -1.712256819009780884e-01
9.214405715465545654e-02 -2.457717806100845337e-02 -1.363984346389770508e-01 1.541125774383544922e-01 -1.450922340154647827e-01 -1.905464529991149902e-01 4.172865673899650574e-02 -3.621048061177134514e-03 1.902020424604415894e-01
2.184108830988407135e-02 -3.026480413973331451e-02 4.818903282284736633e-02 -1.282939761877059937e-01 -1.195261329412460327e-01 -1.835743896663188934e-02 -7.402338087558746338e-02 -1.032445803284645081e-01 -8.337477222084999084e-03
8.951044827699661255e-02 -6.386640667915344238e-02 -1.418737769126892090e-01 -1.121471896767616272e-01 5.221927165985107422e-02 1.289266347885131836e-01 1.732053309679031372e-01 -2.385962754487991333e-02 1.195211261510848999e-01
-1.983604207634925842e-02 1.653349548578262329e-01 -3.182193636894226074e-02 1.826360523700714111e-01 1.300664842128753662e-01 -6.344703026115894318e-03 -1.448865830898284912e-01 6.413386762142181396e-02 -1.134435608983039856e-01
-1.806030124425888062e-01 -5.676785856485366821e-02 1.072164997458457947e-01 1.819967180490493774e-01 1.765398532152175903e-01 5.950264167040586472e-03 2.637811377644538879e-02 1.544245928525924683e-01 -4.534243419766426086e-02
-1.475536674261093140e-01 -3.062127530574798584e-02 1.778454333543777466e-01 8.533629775047302246e-02 -4.419309273362159729e-02 1.278341263532638550e-01 6.685827672481536865e-02 1.107352748513221741e-01 1.279590278863906860e-01
-1.438205093145370483e-01 -1.640107631683349609e-01 -1.324607133865356445e-01 -1.479009836912155151e-01 -6.785530596971511841e-03 1.650106608867645264e-01 4.922763258218765259e-02 -1.212110221385955811e-01 -7.137183099985122681e-03
-1.673916876316070557e-01 -1.755083054304122925e-01 1.812858879566192627e-01 -6.919430941343307495e-02 -4.444992542266845703e-02 -1.486687064170837402e-01 -1.044801399111747742e-01 6.090528145432472229e-02 1.695192009210586548e-01
1.366158723831176758e-01 -7.278713583946228027e-02 3.881816565990447998e-02 -1.902895420789718628e-01 1.001793444156646729e-01 -1.790491044521331787e-01 -1.106505561619997025e-02 -1.805783957242965698e-01 1.902484595775604248e-01
-1.849885135889053345e-01 1.750035732984542847e-01 -7.296305149793624878e-02 -1.281211078166961670e-01 6.425931304693222046e-02 -8.857371658086776733e-02 1.733191460371017456e-01 -8.657286316156387329e-02 5.725803598761558533e-02
1.676766723394393921e-01 -1.015380583703517914e-02 -8.888939023017883301e-02 1.632091589272022247e-02 -1.913850903511047363e-01 -5.918618291616439819e-02 1.279238760471343994e-01 5.118354037404060364e-02 -1.410887539386749268e-01
7.349140197038650513e-02 -1.542004495859146118e-01 -1.647344976663589478e-01 1.372121125459671021e-01 -1.402812153100967407e-01 -1.743665784597396851e-01 7.029044628143310547e-02 3.387770801782608032e-02 1.887217909097671509e-01
-4.642654955387115479e-02 -1.206045374274253845e-01 -3.765985369682312012e-02 -3.018925711512565613e-02 -3.695356845855712891e-02 -6.418880820274353027e-02 -2.376311086118221283e-02 3.214335069060325623e-02 -7.510187476873397827e-02
1.548161208629608154e-01 -1.765716522932052612e-01 1.903005838394165039e-01 -1.888896524906158447e-01 7.239657640457153320e-02 5.753774195909500122e-02 1.221824511885643005e-01 -1.534292846918106079e-01 9.258828312158584595e-02
1.299204975366592407e-01 8.459062129259109497e-02 1.611179560422897339e-01 -1.254823356866836548e-01 -1.686249524354934692e-01 -1.345187872648239136e-01 -7.421126961708068848e-02 -1.406003385782241821e-01 4.622562602162361145e-02
-1.741785407066345215e-01 -1.361007988452911377e-01 1.125564202666282654e-01 -4.779443517327308655e-02 -8.082008361816406250e-02 3.789519146084785461e-02 -1.561966389417648315e-01 1.541560590267181396e-01 1.006957888603210449e-01
1.361841708421707153e-01 -1.399367302656173706e-01 3.116029314696788788e-03 1.707530319690704346e-01 -3.586864843964576721e-02 -5.813989788293838501e-03 1.211714521050453186e-01 1.027155891060829163e-01 -8.779110014438629150e-02
-1.183259263634681702e-01 1.729156263172626495e-02 9.480693936347961426e-02 -1.226220652461051941e-01 -8.529032021760940552e-02 1.557381898164749146e-01 2.881822921335697174e-02 1.692326813936233521e-01 -3.172950446605682373e-02
-1.524744462221860886e-02 -9.158299118280410767e-02 -3.759591653943061829e-02 -1.370169669389724731e-01 -5.317142605781555176e-02 -1.575425267219543457e-01 -3.284399583935737610e-02 -3.717165067791938782e-02 -1.813171431422233582e-02
4.239656403660774231e-02 1.078615784645080566e-01 3.577366843819618225e-02 -1.825778484344482422e-01 2.084713429212570190e-02 -1.686178296804428101e-01 8.989002555608749390e-03 1.635091453790664673e-01 8.498579263687133789e-02
1.652257293462753296e-01 7.260623574256896973e-02 2.474408037960529327e-02 -5.009267851710319519e-02 1.548254042863845825e-01 1.502576917409896851e-01 1.164298281073570251e-01 -1.131492853164672852e-01 -1.125189382582902908e-02
1.177895907312631607e-02 -1.208410188555717468e-01 -4.933247715234756470e-02 1.597740054130554199e-01 -5.213392898440361023e-02 1.421363055706024170e-01 -9.689483046531677246e-02 -1.593217253684997559e-01 9.427528828382492065e-02
2.692555077373981476e-02 -1.613401323556900024e-01 -5.841903015971183777e-02 -1.778114140033721924e-01 -1.313320249319076538e-01 1.154338344931602478e-01 -1.040194407105445862e-01 1.140544377267360687e-02 1.444105207920074463e-01
3.055538609623908997e-02 -1.034791395068168640e-01 -1.365748941898345947e-01 -1.924358904361724854e-01 1.227641627192497253e-01 1.860336661338806152e-01 1.531715244054794312e-01 -5.474840477108955383e-02 6.988818291574716568e-03
1.370956748723983765e-01 7.326684892177581787e-02 -1.272178143262863159e-01 1.902970224618911743e-01 -1.144547015428543091e-01 1.243984028697013855e-01 -1.491240411996841431e-01 1.364882290363311768e-01 -6.562347710132598877e-02
-1.146833151578903198e-01 4.327509924769401550e-02 -8.465084433555603027e-02 6.541291624307632446e-02 1.169432923197746277e-01 9.978495538234710693e-02 -4.855975136160850525e-02 -1.024537533521652222e-01 -1.769478768110275269e-01
1.751257479190826416e-01 -1.079370379447937012e-01 -2.422614581882953644e-02 1.768818050622940063e-01 -1.177073717117309570e-01 7.368803769350051880e-02 8.651553094387054443e-02 -1.779683828353881836e-01 -6.875304132699966431e-02
1.572664678096771240e-01 -5.996578931808471680e-02 1.040091663599014282e-01 -8.004953712224960327e-02 2.813364565372467041e-02 2.243012003600597382e-02 -1.783681809902191162e-01 1.319555342197418213e-01 3.200507909059524536e-02
-3.833374707028269768e-03 -1.756012886762619019e-01 5.786344874650239944e-03 -2.428409643471240997e-02 1.293727159500122070e-01 2.181316912174224854e-02 1.282334029674530029e-01 -1.055336520075798035e-01 1.919164210557937622e-01
9.626054018735885620e-02 -1.642677932977676392e-01 -1.158799603581428528e-01 -1.515980660915374756e-01 -3.905162215232849121e-02 -1.016773581504821777e-01 -1.379168331623077393e-01 1.337798237800598145e-01 1.323152147233486176e-02
1.742029488086700439e-01 -1.402262598276138306e-01 3.192065656185150146e-02 -1.162718310952186584e-01 8.820810914039611816e-02 -9.826759994029998779e-02 -1.354029774665832520e-01 3.692603483796119690e-02 -8.185563236474990845e-02
9.428700804710388184e-02 -7.650019973516464233e-02 1.328410953283309937e-01 1.641624420881271362e-01 -4.982458055019378662e-02 4.337620362639427185e-02 -4.215617850422859192e-02 1.793427765369415283e-01 -1.485746800899505615e-01
1.700101941823959351e-01 5.971014872193336487e-02 1.567106246948242188e-01 6.658026576042175293e-02 4.791166633367538452e-02 -1.066459864377975464e-01 2.560531720519065857e-02 -8.181756734848022461e-02 -8.128461241722106934e-02
1.366303712129592896e-01 1.661272197961807251e-01 -1.193478703498840332e-01 -1.558254361152648926e-01 -1.744234710931777954e-01 9.923432767391204834e-02 3.166570328176021576e-03 5.772478505969047546e-02 6.862112879753112793e-02
7.009213324636220932e-03 1.494612842798233032e-01 1.619843021035194397e-02 8.801124989986419678e-02 -1.853200495243072510e-01 -1.147977262735366821e-01 -1.699581146240234375e-01 -1.144572719931602478e-01 -1.161038279533386230e-01
-1.833455115556716919e-01 -6.554573029279708862e-02 -1.863712817430496216e-01 -1.502485275268554688e-01 1.325885206460952759e-01 4.677271842956542969e-02 -1.386735439300537109e-01 -1.598495543003082275e-01 -1.630983501672744751e-01
8.932643383741378784e-02 6.915773451328277588e-02 1.350675672292709351e-01 1.412941957823932171e-03 6.315083056688308716e-02 1.125193014740943909e-01 -1.242635771632194519e-01 -1.920377612113952637e-01 -1.887404620647430420e-01
-1.649492532014846802e-01 1.044611409306526184e-01 -1.181892398744821548e-02 3.344149142503738403e-02 -1.354816704988479614e-01 1.068395450711250305e-01 4.807813465595245361e-02 1.409550011157989502e-01 -7.162109017372131348e-02
-1.149882376194000244e-01 -9.186336398124694824e-02 3.945383802056312561e-02 5.093625187873840332e-02 -2.581200003623962402e-02 1.281644850969314575e-01 1.076439768075942993e-01 -1.093848273158073425e-01 3.904840722680091858e-02
-1.739138364791870117e-01 -1.571183279156684875e-02 1.610046327114105225e-01 -8.014903217554092407e-02 6.587863899767398834e-03 1.180512681603431702e-01 1.639767922461032867e-02 1.468943059444427490e-01 1.958081312477588654e-02
-2.602650597691535950e-02 6.775144487619400024e-02 -1.244317181408405304e-02 4.886923730373382568e-02 -5.109525844454765320e-02 -6.572028994560241699e-02 1.719535291194915771e-01 -5.026843771338462830e-02 -1.753539741039276123e-01
4.396514222025871277e-02 -3.924011066555976868e-02 1.227496191859245300e-01 2.607186324894428253e-02 1.898599416017532349e-01 -1.317202895879745483e-01 -3.972792532294988632e-03 -1.874875836074352264e-02 4.697313904762268066e-02
-5.075439065694808960e-02 -1.685366928577423096e-01 1.218789294362068176e-01 1.652164012193679810e-01 1.032962948083877563e-01 -3.199101611971855164e-02 1.504326462745666504e-01 1.584425568580627441e-01 -1.657770127058029175e-01
1.389715373516082764e-01 1.107276156544685364e-01 -1.213149726390838623e-01 2.848639898002147675e-02 -1.354529708623886108e-02 7.930146902799606323e-02 -1.829473078250885010e-01 -1.591711677610874176e-02 1.286643296480178833e-01
8.005125820636749268e-02 -8.291416615247726440e-02 3.525701817125082016e-03 -9.842046350240707397e-02 1.032683029770851135e-01 1.712016165256500244e-01 -9.532023966312408447e-02 -7.732698321342468262e-02 1.010938063263893127e-01
-9.081042557954788208e-02 -7.838506251573562622e-02 1.376768201589584351e-01 1.847923398017883301e-01 -1.713618785142898560e-01 7.945892214775085449e-02 -9.299226850271224976e-02 1.425772160291671753e-01 -6.511139124631881714e-02
-2.288771793246269226e-02 -1.397142559289932251e-01 -1.711941510438919067e-01 1.489203572273254395e-01 -3.643393516540527344e-02 1.392194926738739014e-01 1.756430864334106445e-01 -1.352375894784927368e-01 1.468864977359771729e-01
1.699268221855163574e-01 1.272128671407699585e-01 3.487549349665641785e-02 -7.669057697057723999e-02 -1.603536605834960938e-01 -1.479266583919525146e-01 -7.275962829589843750e-02 -1.476687937974929810e-01 -8.801042288541793823e-02
6.370666623115539551e-02 -3.399062901735305786e-03 -1.145120337605476379e-01 2.864180691540241241e-02 1.121098175644874573e-01 -1.193067803978919983e-01 -1.718672662973403931e-01 8.093231171369552612e-02 -1.569661945104598999e-01
-4.957185313105583191e-02 1.788960993289947510e-01 1.358475983142852783e-01 -3.561059758067131042e-02 -2.390211448073387146e-02 6.904653459787368774e-02 2.316348068416118622e-02 -1.605034619569778442e-01 -8.308728784322738647e-02
-1.374563276767730713e-01 -1.317419018596410751e-02 -1.401537563651800156e-02 8.539847284555435181e-02 6.792594492435455322e-02 -1.826953589916229248e-01 1.513482332229614258e-01 8.300265297293663025e-03 7.218814641237258911e-02
-3.480942221358418465e-03 -1.576590389013290405e-01 -9.488531202077865601e-02 -2.824668074026703835e-03 5.878444761037826538e-02 1.174060776829719543e-01 1.789074093103408813e-01 1.410746388137340546e-02 1.135818287730216980e-01
1.678557246923446655e-01 -8.078773319721221924e-02 -1.779876649379730225e-01 1.142212226986885071e-01 -4.897582530975341797e-02 -4.065314307808876038e-02 -1.593613773584365845e-01 -1.656288802623748779e-01 2.267036773264408112e-02
1.745997369289398193e-01 -6.103226542472839355e-02 -5.911086499691009521e-02 8.396692574024200439e-02 -1.311613768339157104e-01 8.416328579187393188e-02 1.184909231960773468e-02 -8.599580824375152588e-02 -1.024693325161933899e-01
1.365239173173904419e-01 -4.106774926185607910e-02 8.075628429651260376e-02 1.314654946327209473e-01 1.004256028681993484e-02 -3.440807759761810303e-02 -1.096088811755180359e-01 -2.222444675862789154e-02 2.659555524587631226e-02
-8.340654522180557251e-02 1.079718172550201416e-01 -8.838067948818206787e-02 -8.009284734725952148e-02 -1.388344466686248779e-01 3.978016227483749390e-02 5.501468852162361145e-02 1.973238959908485413e-02 1.264380216598510742e-01
-1.396114379167556763e-01 -8.753038942813873291e-02 1.311435997486114502e-01 1.616328060626983643e-01 -3.140304237604141235e-02 -2.794208191335201263e-02 1.637145429849624634e-01 7.946617156267166138e-02 -1.704711653292179108e-02
-5.841340869665145874e-02 1.677789352834224701e-02 -1.380575597286224365e-01 -1.640555560588836670e-01 7.123358547687530518e-02 1.891538798809051514e-01 1.889514774084091187e-01 -1.240054294466972351e-01 -1.840186417102813721e-01
5.894453451037406921e-02 -1.013343781232833862e-01 -1.077752560377120972e-02 4.840388521552085876e-02 -1.629983186721801758e-01 -1.690768152475357056e-01 -6.731619685888290405e-02 -9.533201158046722412e-02 -1.088265851140022278e-01
1.256383359432220459e-01 -2.913361182436347008e-03 -1.459422111511230469e-01 -1.074114888906478882e-01 6.718746852129697800e-03 1.234534978866577148e-01 9.793538600206375122e-02 6.493237614631652832e-02 -1.299198567867279053e-01
-4.870953783392906189e-02 9.298615902662277222e-02 -8.672542870044708252e-02 -2.280375175178050995e-02 1.486624926328659058e-01 7.176689058542251587e-02 -1.212807893753051758e-01 -1.145621389150619507e-01 -1.327933073043823242e-01
1.139768436551094055e-01 2.089547179639339447e-02 4.101296514272689819e-02 -3.019035793840885162e-02 -1.793111562728881836e-01 1.095159426331520081e-01 1.332917809486389160e-01 -1.456925868988037109e-01 -9.373246133327484131e-02
-4.709064960479736328e-03 -1.229806691408157349e-01 1.101917624473571777e-01 1.912348568439483643e-01 1.559012830257415771e-01 -9.836932644248008728e-03 1.479228287935256958e-01 -1.493755429983139038e-01 1.711377203464508057e-01
5.862057209014892578e-02 -1.332241296768188477e-01 7.471284829080104828e-03 -9.139170497655868530e-02 1.464845612645149231e-02 -3.071987815201282501e-02 -5.396842584013938904e-02 -1.651487350463867188e-01 -8.362203836441040039e-02
-6.393307447433471680e-02 8.452667854726314545e-03 -5.827837437391281128e-02 1.011487096548080444e-01 2.844024077057838440e-02 6.431588530540466309e-02 1.789384931325912476e-01 -1.288345307111740112e-01 -1.594232916831970215e-01
-1.225510314106941223e-01 1.917850822210311890e-01 -1.803483366966247559e-01 -6.188971549272537231e-02 -1.076538413763046265e-01 -1.695672608911991119e-02 1.890386827290058136e-02 1.337271928787231445e-01 -6.984376907348632812e-02
-1.808004081249237061e-01 5.281748250126838684e-02 -7.270016241818666458e-03 -1.535095572471618652e-01 1.355062276124954224e-01 1.138830110430717468e-01 1.308996230363845825e-01 1.720211803913116455e-01 1.429291665554046631e-01
5.086854845285415649e-02 -1.894092410802841187e-01 -4.216445982456207275e-02 1.023517549037933350e-01 1.492174863815307617e-01 1.712939739227294922e-01 -2.893757261335849762e-02 -1.788063049316406250e-01 -1.684992760419845581e-01
4.216519370675086975e-02 -9.963291883468627930e-02 -1.751562803983688354e-01 -1.682598441839218140e-01 -8.919731527566909790e-02 1.628686338663101196e-01 -1.113228872418403625e-01 1.913236528635025024e-01 -6.091643124818801880e-02
4.483941197395324707e-02 -1.837974339723587036e-01 7.877045869827270508e-02 -6.022698432207107544e-02 1.263367384672164917e-01 2.205605432391166687e-02 -1.810553669929504395e-01 -9.453765302896499634e-02 -2.670826949179172516e-02
-1.568476557731628418e-01 -1.187797859311103821e-01 1.537805199623107910e-01 1.570383012294769287e-01 -1.305700372904539108e-02 -1.068506762385368347e-01 -1.439491212368011475e-01 -9.417647495865821838e-03 -1.453825682401657104e-01
-1.220817565917968750e-01 -3.243354335427284241e-02 -1.534084044396877289e-02 -1.007653698325157166e-01 4.876792430877685547e-03 6.901983171701431274e-03 1.390161663293838501e-01 3.292272984981536865e-02 1.457962393760681152e-01
1.069377139210700989e-01 -6.045679096132516861e-03 -4.612504690885543823e-02 1.071385443210601807e-01 3.072751872241497040e-02 1.650290489196777344e-01 1.548816561698913574e-01 -5.663144588470458984e-02 -1.119888424873352051e-01
-7.327035814523696899e-02 4.343479499220848083e-02 -1.883943229913711548e-01 -7.700520008802413940e-02 1.702659726142883301e-01 8.811868727207183838e-02 -1.215415000915527344e-01 4.121613875031471252e-02 -1.301913112401962280e-01
-1.678900718688964844e-01 -1.853585839271545410e-01 1.052966415882110596e-01 -1.494738757610321045e-01 -1.848495453596115112e-01 -7.618337869644165039e-02 -1.275468915700912476e-01 1.238780170679092407e-01 -3.826776519417762756e-02
1.673856675624847412e-01 -9.907180815935134888e-02 1.822754740715026855e-01 3.170897066593170166e-02 6.855478137731552124e-02 1.149538904428482056e-01 -7.185291964560747147e-03 -1.626629531383514404e-01 -6.991190463304519653e-02
9.087441116571426392e-02 1.534613817930221558e-01 -1.152603924274444580e-01 7.920349016785621643e-03 1.052156537771224976e-01 -1.356103550642728806e-02 -1.102511305361986160e-02 4.913992807269096375e-02 -1.389645189046859741e-01
2.599438838660717010e-02 -1.382960230112075806e-01 5.215519666671752930e-02 1.876357495784759521e-01 -1.087336242198944092e-01 5.348325148224830627e-02 1.048008874058723450e-01 -1.240809112787246704e-01 1.022765506058931351e-02
5.919973924756050110e-02 -8.845503628253936768e-02 -1.251842975616455078e-01 3.084192983806133270e-02 1.182283535599708557e-01 -1.911657601594924927e-01 -2.587993070483207703e-02 1.089326664805412292e-01 3.837111964821815491e-02
-6.171237677335739136e-02 -1.294776350259780884e-01 -1.253041904419660568e-02 -7.103075087070465088e-02 1.848485469818115234e-01 1.613623797893524170e-01 -3.025321848690509796e-02 7.476997561752796173e-03 1.844598650932312012e-01
-1.613222360610961914e-01 -4.697495326399803162e-02 -3.247543424367904663e-02 -1.423475891351699829e-01 -5.015854537487030029e-02 1.133837774395942688e-01 1.578641235828399658e-01 -3.860618174076080322e-02 -3.214339539408683777e-02
5.085365846753120422e-02 -1.848992891609668732e-02 7.476444542407989502e-02 -1.964222826063632965e-02 1.410858780145645142e-01 6.038760021328926086e-02 3.090079873800277710e-02 -1.782314777374267578e-01 5.054208636283874512e-02
-9.167813509702682495e-02 1.334078758955001831e-01 -1.708567440509796143e-01 1.705216914415359497e-01 9.858176857233047485e-02 1.356831043958663940e-01 1.420788466930389404e-01 1.328244358301162720e-01 -1.001593619585037231e-01
9.003600478172302246e-02 -2.611265331506729126e-02 -9.900036454200744629e-02 3.878212347626686096e-02 1.632076203823089600e-01 1.609409041702747345e-02 7.575417868793010712e-03 1.606788039207458496e-01 -6.264975666999816895e-02
-3.137629106640815735e-02 4.442850127816200256e-02 -1.494988203048706055e-01 -3.044161759316921234e-02 -1.488260477781295776e-01 7.048203051090240479e-02 8.489216864109039307e-02 4.183836653828620911e-02 3.347978368401527405e-02
1.163354739546775818e-01 -3.992109559476375580e-03 -9.758586436510086060e-02 1.481616050004959106e-01 1.740270853042602539e-01 -8.894899487495422363e-02 -1.204126030206680298e-01 -3.484507277607917786e-02 1.828797608613967896e-01
1.359856575727462769e-01 1.480201631784439087e-01 1.378278881311416626e-01 9.350265562534332275e-02 1.473822295665740967e-01 -2.010930143296718597e-02 -9.670214354991912842e-02 -1.126964390277862549e-01 -7.943194359540939331e-02
-1.333815511316061020e-03 9.638699144124984741e-02 -1.696768254041671753e-01 -1.602324545383453369e-01 5.406111106276512146e-02 5.696233734488487244e-02 1.578757464885711670e-01 -7.460169494152069092e-02 4.222381114959716797e-02
8.241472393274307251e-02 -1.847761422395706177e-01 9.878436475992202759e-02 -1.339255720376968384e-01 -7.262185961008071899e-02 -2.589156292378902435e-02 1.679445803165435791e-01 4.640702530741691589e-02 -1.494652926921844482e-01
4.302989691495895386e-02 -1.461119800806045532e-01 -9.876734763383865356e-02 -6.356174126267433167e-03 -1.069362461566925049e-01 -1.336071938276290894e-01 1.194161027669906616e-01 1.792048215866088867e-01 -7.759828865528106689e-02
-4.501280374825000763e-03 -1.339043080806732178e-01 8.125953376293182373e-02 -3.065275028347969055e-02 1.845028996467590332e-01 -1.864251941442489624e-01 -8.183007687330245972e-02 -9.753890335559844971e-02 1.792088896036148071e-01
-1.503633111715316772e-01 1.854726076126098633e-01 1.794182062149047852e-01 7.949672639369964600e-02 1.521697938442230225e-01 -1.565016359090805054e-01 3.211524710059165955e-02 4.230328276753425598e-02 -4.266759753227233887e-02
1.075270920991897583e-01 3.961727395653724670e-02 8.403464406728744507e-02 1.739576607942581177e-01 -1.127325445413589478e-01 -1.174170896410942078e-01 5.090128630399703979e-03 -1.616554409265518188e-01 1.893358528614044189e-01
-2.969988435506820679e-02 -5.343876779079437256e-02 4.924789071083068848e-02 -1.295510977506637573e-01 -1.152997184544801712e-02 -7.222320418804883957e-03 1.274793744087219238e-01 1.052000075578689575e-01 1.418952196836471558e-01
3.749976679682731628e-02 -5.628085136413574219e-02 7.366720587015151978e-02 5.515995621681213379e-02 1.276088804006576538e-01 4.230812191963195801e-02 1.045488044619560242e-01 6.342500913888216019e-03 9.428558498620986938e-02
-1.313695609569549561e-01 -6.350617855787277222e-02 -1.249240711331367493e-01 1.243211776018142700e-01 -6.971389055252075195e-02 -2.454019617289304733e-03 -1.304342597723007202e-01 9.260216355323791504e-02 -1.115417033433914185e-01
3.081628121435642242e-02 1.497174501419067383e-01 -5.772464722394943237e-02 1.680113226175308228e-01 1.820406913757324219e-01 5.985773354768753052e-02 -1.627300381660461426e-01 1.610738039016723633e-01 8.577882498502731323e-02
7.471131533384323120e-02 -1.918003559112548828e-01 -1.167803853750228882e-01 -4.409992694854736328e-02 1.544469147920608521e-01 3.329166024923324585e-02 1.590898633003234863e-01 -1.133615002036094666e-01 2.052025869488716125e-02
2.575347572565078735e-02 1.606156229972839355e-01 1.730358302593231201e-01 7.902355492115020752e-02 9.473412483930587769e-02 -9.459069371223449707e-02 3.710613027215003967e-02 7.715943455696105957e-02 -2.061677537858486176e-02
1.995951496064662933e-02 -6.500225979834794998e-03 1.190429087728261948e-03 -6.734441220760345459e-02 -1.733823269605636597e-01 -7.153157144784927368e-02 -6.778106838464736938e-02 -1.884126216173171997e-01 4.400671273469924927e-02
2.649309672415256500e-02 3.692615032196044922e-02 1.532384008169174194e-01 -7.730998098850250244e-02 1.711782440543174744e-02 -1.680373400449752808e-01 -1.090145707130432129e-01 7.582261413335800171e-02 1.564112901687622070e-01
1.433142870664596558e-01 -4.930767789483070374e-02 5.808040872216224670e-02 1.226576492190361023e-01 1.816148608922958374e-01 -1.021630093455314636e-01 -9.604970365762710571e-02 1.653501838445663452e-01 -1.729202121496200562e-01
1.209004148840904236e-01 7.761352509260177612e-02 1.109731346368789673e-01 1.585242748260498047e-01 1.090944334864616394e-01 8.224064111709594727e-02 -9.373312443494796753e-02 -1.543389260768890381e-01 -7.719416916370391846e-02
1.473304480314254761e-01 -1.797465607523918152e-02 1.849997788667678833e-01 1.713155359029769897e-01 6.063103675842285156e-02 -1.560028940439224243e-01 -1.223811693489551544e-02 -1.098860353231430054e-01 1.213986650109291077e-01
-6.151854060590267181e-03 -2.959506399929523468e-02 6.452068686485290527e-02 6.393302977085113525e-02 7.704935967922210693e-02 1.491705030202865601e-01 1.692597270011901855e-01 -7.186553627252578735e-02 4.781102295964956284e-03
8.604515343904495239e-02 7.927848398685455322e-02 1.910802721977233887e-02 -3.912436962127685547e-02 5.800710991024971008e-02 -2.701711282134056091e-02 -4.215941578149795532e-02 3.640628978610038757e-02 1.326358020305633545e-01
1.464695930480957031e-01 1.870077848434448242e-01 3.343993052840232849e-02 1.684039086103439331e-01 7.189095765352249146e-02 8.332097530364990234e-02 -1.324253380298614502e-01 -1.180569604039192200e-01 -1.663189977407455444e-01
-7.778871059417724609e-02 2.621100470423698425e-02 1.704357415437698364e-01 4.353840276598930359e-02 -1.334193199872970581e-01 -3.029072843492031097e-02 1.053857207298278809e-01 5.675939470529556274e-02 -5.195445567369461060e-02
-4.649243876338005066e-02 2.143238112330436707e-02 4.016590490937232971e-02 1.731756478548049927e-01 5.909542366862297058e-02 -3.118865005671977997e-02 1.722376644611358643e-01 7.730298209935426712e-03 -6.785987317562103271e-02
7.404969632625579834e-02 -1.421333104372024536e-01 2.729280479252338409e-02 1.866406947374343872e-01 2.016507275402545929e-02 1.539638265967369080e-02 4.000799730420112610e-02 8.415720611810684204e-02 -9.957873076200485229e-02
2.115505933761596680e-02 -1.258140057325363159e-01 -1.802683621644973755e-01 3.500626236200332642e-02 -1.746459454298019409e-01 1.643528044223785400e-02 -1.078769266605377197e-01 -1.668040305376052856e-01 -1.211409363895654678e-02
7.526917010545730591e-02 -6.120799854397773743e-02 -1.613903790712356567e-01 3.122982941567897797e-02 1.068319529294967651e-01 7.749622315168380737e-02 -1.231069415807723999e-01 8.444138616323471069e-02 -1.058775931596755981e-01
-8.050842210650444031e-03 -1.179421320557594299e-01 -1.584306955337524414e-01 1.100197210907936096e-01 1.451624184846878052e-01 -1.269829571247100830e-01 7.056030631065368652e-02 -1.827691346406936646e-01 1.374818831682205200e-01
-6.507326662540435791e-02 7.577370107173919678e-02 1.001746878027915955e-01 -1.472613657824695110e-03 1.355747971683740616e-02 1.398149579763412476e-01 4.084236919879913330e-02 1.212618201971054077e-01 1.188341411761939526e-03
4.364971444010734558e-02 -1.740619093179702759e-01 1.681042611598968506e-01 -1.612056195735931396e-01 -1.526375561952590942e-01 -1.056719869375228882e-01 -1.290196180343627930e-01 5.581795051693916321e-02 -4.194600880146026611e-02
1.265453994274139404e-01 1.714426875114440918e-01 3.800430335104465485e-03 1.460091620683670044e-01 7.624205946922302246e-02 6.120052188634872437e-02 1.768827289342880249e-01 1.350667327642440796e-01 9.222245216369628906e-02
1.042228937149047852e-01 -1.709949076175689697e-01 1.790066361427307129e-01 -1.806229799985885620e-01 -8.409503102302551270e-02 -1.350134313106536865e-01 -1.039629802107810974e-01 -4.108316823840141296e-02 -1.647254079580307007e-01
1.911885589361190796e-01 5.463364720344543457e-02 1.145364642143249512e-01 -4.241725802421569824e-02 -7.392982393503189087e-02 2.763516455888748169e-02 4.562471061944961548e-02 1.859223991632461548e-01 -1.916402280330657959e-01
1.218885183334350586e-01 1.433609127998352051e-01 9.974507987499237061e-02 -5.440074205398559570e-02 -6.596437096595764160e-02 -8.009649813175201416e-02 2.455605007708072662e-02 8.052440732717514038e-02 1.381942033767700195e-01
-2.360205911099910736e-02 1.575622558593750000e-01 -8.965691179037094116e-02 -1.421400625258684158e-02 -7.894979417324066162e-02 1.612761020660400391e-01 1.884105652570724487e-01 -9.495443850755691528e-02 9.260202199220657349e-02
-6.895981729030609131e-02 1.543710380792617798e-01 3.599203005433082581e-02 -4.042764753103256226e-02 -1.566023379564285278e-01 -1.384532451629638672e-01 -1.121258959174156189e-01 1.252713203430175781e-01 4.863805323839187622e-02
-8.227831125259399414e-02 5.257390812039375305e-02 8.356197737157344818e-03 7.898611575365066528e-02 1.903005838394165039e-01 4.202520474791526794e-02 -6.627663224935531616e-02 -6.467581540346145630e-02 -8.797504752874374390e-02
1.764424443244934082e-01 -5.980969592928886414e-02 -1.756293922662734985e-01 3.743422031402587891e-02 2.261813031509518623e-03 1.912324577569961548e-01 1.372976601123809814e-01 -1.597476899623870850e-01 -1.784751117229461670e-01
-1.755169034004211426e-01 -8.796749636530876160e-03 1.539699733257293701e-01 3.047495149075984955e-02 -1.142504960298538208e-01 4.970847070217132568e-02 -8.562121540307998657e-02 7.777283317409455776e-04 -8.112456649541854858e-02
1.477483510971069336e-01 -1.186359450221061707e-01 2.565636299550533295e-02 -1.201616674661636353e-01 -9.720356017351150513e-02 1.920257806777954102e-01 -1.793467402458190918e-01 9.998537600040435791e-02 9.953426569700241089e-02
-1.538598835468292236e-01 5.168984457850456238e-02 -1.067601442337036133e-01 -2.425801241770386696e-03 1.346140205860137939e-01 -1.890836469829082489e-02 1.558084934949874878e-01 -1.316298544406890869e-01 1.849986240267753601e-02
-1.875168085098266602e-01 3.004302503541111946e-03 -1.245101541280746460e-01 1.952646486461162567e-02 3.083146736025810242e-02 -1.144804656505584717e-01 1.293611526489257812e-01 1.200146079063415527e-01 -1.317324955016374588e-02
1.354177594184875488e-01 -9.310752153396606445e-02 -7.439795136451721191e-02 1.527714431285858154e-01 -1.515918523073196411e-01 -1.709425300359725952e-01 9.161015599966049194e-02 -1.831419616937637329e-01 1.649660617113113403e-01
-2.108804695308208466e-02 4.967194795608520508e-02 2.783285453915596008e-02 1.841650754213333130e-01 -1.455435305833816528e-01 -1.041874215006828308e-01 1.697662621736526489e-01 4.083103686571121216e-02 1.746265739202499390e-01
-1.851521581411361694e-01 1.060758605599403381e-01 -1.095460429787635803e-01 8.243163116276264191e-03 1.540041565895080566e-01 1.165595427155494690e-01 1.279330104589462280e-01 -1.190520823001861572e-01 -5.494054034352302551e-02
4.179934039711952209e-03 1.156401727348566055e-02 -2.760637318715453148e-03 -9.362910687923431396e-02 -1.369258016347885132e-01 6.355334073305130005e-02 3.506868705153465271e-02 -1.016602218151092529e-01 1.240625861100852489e-03
-2.861624956130981445e-02 -6.220401823520660400e-02 1.414721608161926270e-01 1.612215489149093628e-01 -1.626694351434707642e-01 -1.355362087488174438e-01 -8.201135694980621338e-02 3.364994004368782043e-02 1.919807046651840210e-01
4.481926932930946350e-02 -1.816675215959548950e-01 1.750770807266235352e-01 -8.281120657920837402e-02 1.108730435371398926e-01 1.776683032512664795e-01 3.335279971361160278e-02 -4.343814775347709656e-02 -6.625703722238540649e-02
2.444117888808250427e-02 1.404385566711425781e-01 9.297223389148712158e-02 -1.713238060474395752e-01 -1.708167195320129395e-01 -4.557444527745246887e-02 7.000105828046798706e-02 1.376184076070785522e-01 -6.574669480323791504e-02
5.986262112855911255e-02 9.658989310264587402e-02 1.751079410314559937e-02 -1.365798115730285645e-01 1.231629848480224609e-01 -9.055719524621963501e-02 -2.629967406392097473e-02 -9.420643746852874756e-02 1.415177881717681885e-01
-2.707350254058837891e-02 3.240569308400154114e-02 -1.774212568998336792e-01 -1.747219711542129517e-01 -1.627065241336822510e-01 -1.058334335684776306e-01 1.676263809204101562e-01 6.598565727472305298e-02 1.827682703733444214e-01
1.173988915979862213e-02 5.851091071963310242e-02 4.413757473230361938e-02 -1.746297180652618408e-01 1.275610774755477905e-01 -1.862286478281021118e-01 5.914865061640739441e-03 1.675640642642974854e-01 -1.276726126670837402e-01
1.002786606550216675e-01 -9.538858383893966675e-02 1.698359251022338867e-01 -6.364502012729644775e-03 6.816332042217254639e-02 1.028535887598991394e-01 -9.493741393089294434e-02 6.209362298250198364e-02 -1.806147247552871704e-01
5.479974672198295593e-02 1.411861926317214966e-01 -1.122868806123733521e-01 -1.142421215772628784e-01 -1.795865744352340698e-01 -8.866983652114868164e-02 3.366168960928916931e-02 4.919856786727905273e-02 1.828756779432296753e-01
-1.364250034093856812e-01 -1.689209192991256714e-01 9.193344973027706146e-03 -9.711355715990066528e-02 7.543335855007171631e-02 -7.564633339643478394e-02 5.878928676247596741e-02 -5.644834786653518677e-02 -1.098984256386756897e-01
2.308969944715499878e-02 1.008853390812873840e-01 -1.722357422113418579e-01 -5.696963053196668625e-03 -1.558303982019424438e-01 -8.330977708101272583e-02 -2.788236364722251892e-03 1.732551679015159607e-02 -1.620446331799030304e-02
-1.752746850252151489e-01 1.420813500881195068e-01 9.040651470422744751e-02 2.606101101264357567e-03 -1.763158291578292847e-01 5.200210586190223694e-02 1.681829541921615601e-01 -9.142414666712284088e-03 1.130262464284896851e-01
-1.277603954076766968e-01 2.412403188645839691e-02 -1.726955175399780273e-01 1.001732423901557922e-02 -2.626386284828186035e-02 6.147901341319084167e-02 3.570052981376647949e-02 9.011359512805938721e-02 6.128863990306854248e-02
-1.783154346048831940e-02 -1.670232415199279785e-01 1.403891388326883316e-02 -1.560503878863528371e-04 5.318663641810417175e-02 9.396451711654663086e-02 -4.293324053287506104e-02 1.506838351488113403e-01 1.204865202307701111e-01
-1.282790452241897583e-01 -1.743083447217941284e-01 -5.682298913598060608e-02 1.008948311209678650e-01 9.850098937749862671e-02 1.725001037120819092e-01 -1.014656722545623779e-01 -1.031909883022308350e-01 -1.244737207889556885e-01
1.650313884019851685e-01 1.392369121313095093e-01 1.569937542080879211e-02 -1.874032020568847656e-01 1.709053814411163330e-01 2.284981869161128998e-02 6.841543316841125488e-02 -1.303821429610252380e-02 -8.124698698520660400e-02
9.924391657114028931e-02 1.766655296087265015e-01 5.259308591485023499e-02 -3.050420247018337250e-02 -1.746966391801834106e-01 1.547721773386001587e-01 -9.984719753265380859e-02 7.634408771991729736e-02 1.809881650842726231e-03
-1.518074572086334229e-01 -1.809064000844955444e-01 1.787802875041961670e-01 -1.363745182752609253e-01 2.741182688623666763e-03 1.267199963331222534e-01 -7.703139632940292358e-02 -1.624588668346405029e-01 8.542566001415252686e-02
-4.213541746139526367e-02 -9.504859149456024170e-02 1.812780052423477173e-01 -2.232204191386699677e-02 4.631156474351882935e-02 9.579148888587951660e-02 -1.037383154034614563e-01 1.710115671157836914e-01 8.974188566207885742e-02
-1.677046120166778564e-01 2.616151981055736542e-02 -4.913751780986785889e-02 -1.634708046913146973e-01 -2.306040190160274506e-02 1.167418435215950012e-02 1.217843890190124512e-01 -9.957253187894821167e-02 -6.090927496552467346e-02
2.488703094422817230e-02 -5.981258675456047058e-02 4.921242222189903259e-02 -1.317280679941177368e-01 -2.953702025115489960e-02 9.901750087738037109e-02 1.510937809944152832e-01 1.107782721519470215e-01 1.474101394414901733e-01
1.523378640413284302e-01 -6.358245760202407837e-02 -1.916525810956954956e-01 1.616987287998199463e-01 -1.885665394365787506e-02 3.674229606986045837e-02 9.104498475790023804e-02 8.501321077346801758e-02 2.126123383641242981e-02
1.002912372350692749e-01 9.297347813844680786e-02 -7.448430359363555908e-02 6.654986739158630371e-02 9.297545254230499268e-02 -1.212889552116394043e-01 5.089392140507698059e-02 -1.773467510938644409e-01 1.288043558597564697e-01
-3.228667005896568298e-02 1.300509572029113770e-01 -7.192174345254898071e-02 1.311112940311431885e-01 -4.018738120794296265e-02 8.684156090021133423e-02 -1.457346081733703613e-01 1.694025355391204357e-03 -8.645907044410705566e-03
1.644584536552429199e-01 1.347695360891520977e-03 1.365112364292144775e-01 1.469072848558425903e-01 1.549363732337951660e-01 1.643363088369369507e-01 -1.285326331853866577e-01 -5.088401213288307190e-02 7.775539904832839966e-02
